n lon lat
1 139.7775199 35.6835363
2 139.7778005 35.6835302
3 139.7737067 35.6797677
4 139.7738401 35.682991
5 139.7722314 35.6799729
6 139.7776577 35.676032
7 139.7692122 35.6778932
8 139.7782875 35.6757734
9 139.7788141 35.6765518
10 139.78049 35.6755412
11 139.7687216 35.6807221
12 139.7783529 35.6757854
13 139.7830592 35.6722626
14 139.7706406 35.6739394
15 139.7659428 35.6827204
16 139.7629424 35.6853932
17 139.7636828 35.6784185
18 139.7748448 35.6846353
19 139.7789021 35.6780659
20 139.7657902 35.673752
21 139.7644441 35.6848901
22 139.7626733 35.673301
23 139.7783628 35.6818087
24 139.7785314 35.6787716
25 139.7744769 35.6747712
26 139.7740838 35.6876961
27 139.7775802 35.6864525
28 139.7683633 35.6800984
29 139.7629314 35.6806499
30 139.7728485 35.6813895
31 139.77422 35.6813939
32 139.7779933 35.6803131
33 139.771729 35.6819151
34 139.7758977 35.6804556
35 139.7737138 35.6802632
36 139.7729528 35.6805818
37 139.7762026 35.6772926
38 139.7744436 35.6834547
39 139.7748454 35.6846287
40 139.7687412 35.6861326
41 139.7730688 35.6813027
42 139.7806565 35.6806323
43 139.7738852 35.6825192
44 139.7729717 35.6813583
45 139.7755257 35.6757692
46 139.7744142 35.6845516
47 139.7771712 35.6746952
48 139.7804741 35.6799297
49 139.7672965 35.6771395
50 139.765793 35.6737779
51 139.7646375 35.6824972
52 139.7730115 35.6776544
53 139.7794568 35.6785505
54 139.7677627 35.6756018
55 139.7766159 35.6772181
56 139.7791297 35.6781966
57 139.7709145 35.6796265
58 139.7645009 35.6822404
59 139.7712475 35.6827289
60 139.7646861 35.6806342
61 139.7721252 35.6831742
62 139.7657154 35.6827185
63 139.7757258 35.6874754
64 139.7810947 35.6817411
65 139.7642978 35.6731832
66 139.7653326 35.6829629
67 139.7657461 35.6738038
68 139.7652051 35.6726025
69 139.7699895 35.6873205
70 139.7688122 35.6839577
71 139.7788554 35.6781901
72 139.7653424 35.6804131
73 139.7722969 35.676319
74 139.7651876 35.6803297
75 139.7736706 35.6787441
76 139.7713328 35.6737138
77 139.7638092 35.6832114
78 139.7747257 35.681612
79 139.7750211 35.6861588
80 139.7746783 35.680372
81 139.7729565 35.6785618
82 139.7710534 35.6745081
83 139.7814774 35.6748729
84 139.7694969 35.6837755
85 139.7640199 35.6833361
86 139.7813464 35.6840074
87 139.7691244 35.6810261
88 139.7792603 35.6878513
89 139.7688122 35.6772393
90 139.7740982 35.682536
91 139.7632557 35.6779674
92 139.7730233 35.6792138
93 139.7715283 35.6850529
94 139.7738647 35.6861684
95 139.7711704 35.677103
96 139.7667058 35.6845884
97 139.7635437 35.6869503
98 139.7791814 35.6746758
99 139.7785693 35.6761701
100 139.7639411 35.6736659
101 139.7636409 35.6744885
102 139.7703125 35.6873467
103 139.772616 35.6793549
104 139.7750921 35.6791814
105 139.775969 35.6869683
106 139.7699955 35.6762572
107 139.7784303 35.6806971
108 139.7643714 35.6735143
109 139.7761047 35.677604
110 139.7675046 35.6777802
111 139.7788788 35.6782443
112 139.781629 35.6749704
113 139.7796016 35.6775903
114 139.7656582 35.6737965
115 139.7742831 35.684552
116 139.7712288 35.6762414
117 139.766651 35.670032
118 139.7716689 35.6802573
119 139.7622865 35.6871524
120 139.7645937 35.6754776
121 139.776012 35.680636
122 139.7651777 35.6742052
123 139.7665278 35.685951
124 139.765952 35.6814054
125 139.7780508 35.6802509
126 139.7651243 35.6742999
127 139.7731558 35.6849243
128 139.7687038 35.6846321
129 139.7721289 35.6733943
130 139.7702563 35.67723
131 139.7680851 35.6844136
132 139.7653323 35.6879307
133 139.773718 35.6823393
134 139.7795688 35.6779021
135 139.7781696 35.6770452
136 139.7723432 35.6829336
137 139.7805004 35.6824778
138 139.774676 35.6835514
139 139.781439 35.6872934
140 139.7773914 35.682398
141 139.7763951 35.6789289
142 139.7702472 35.6873248
143 139.7734621 35.6874838
144 139.7789144 35.6793934
145 139.7727841 35.683793
146 139.7644332 35.6755151
147 139.7643428 35.673239
148 139.7660046 35.6865235
149 139.7626675 35.6749612
150 139.7721665 35.6871319
151 139.7643563 35.6735378
152 139.7705764 35.6796616
153 139.7748564 35.6798721
154 139.7691036 35.680993
155 139.7741924 35.6794081
156 139.7638822 35.6869143
157 139.7656742 35.681049
158 139.7661514 35.6863856
159 139.7698859 35.6789671
160 139.77401 35.6825426
161 139.765901 35.6845768
162 139.7695731 35.6757026
163 139.7756873 35.6818075
164 139.7638344 35.6870161
165 139.7711382 35.6738084
166 139.767344 35.674077
167 139.7723837 35.6864185
168 139.7647576 35.6815841
169 139.7672595 35.6774204
170 139.7636201 35.6862111
171 139.7746999 35.6846054
172 139.7637971 35.6746144
173 139.7770762 35.6810287
174 139.7761836 35.6751052
175 139.7733748 35.6792172
176 139.7756518 35.6730659
177 139.7803299 35.6765908
178 139.7807895 35.6835715
179 139.7733084 35.6818499
180 139.7721761 35.6733838
181 139.7632857 35.6726199
182 139.7616264 35.6798594
183 139.7710691 35.6757126
184 139.7717117 35.6806096
185 139.7684763 35.6841234
186 139.7693324 35.6712526
187 139.7662282 35.6756231
188 139.7800047 35.6768336
189 139.7632495 35.6668046
190 139.7678433 35.6786319
191 139.7710969 35.6855203
192 139.7729968 35.6800627
193 139.7783348 35.6757557
194 139.7734244 35.680306
195 139.7805237 35.682364
196 139.7771814 35.6836115
197 139.7786518 35.6751707
198 139.7648983 35.6826252
199 139.7731951 35.6819534
200 139.7731332 35.6814065
201 139.7668706 35.6770355
202 139.7768828 35.6755473
203 139.7777534 35.6759724
204 139.7660882 35.6734884
205 139.7730387 35.6801312
206 139.7803193 35.6865857
207 139.7703862 35.6761007
208 139.7667634 35.6764154
209 139.7705807 35.677338
210 139.768126 35.674908
211 139.7736644 35.6861101
212 139.7757149 35.6787153
213 139.7622796 35.6783055
214 139.7652051 35.6775479
215 139.7645309 35.6743573
216 139.7646866 35.6813244
217 139.7759534 35.6805435
218 139.7647629 35.672931
219 139.7761267 35.6774128
220 139.7659262 35.6772941
221 139.7704179 35.6743842
222 139.7704377 35.6773898
223 139.7814669 35.6863622
224 139.7736445 35.6826829
225 139.7649878 35.6741082
226 139.7750948 35.6852755
227 139.7727482 35.6807913
228 139.7713387 35.680766
229 139.7741144 35.6834779
230 139.7684212 35.6766239
231 139.7765646 35.6771409
232 139.7798254 35.6747331
233 139.7702905 35.6799627
234 139.7791502 35.6850405
235 139.7766088 35.6751098
236 139.7801145 35.6797594
237 139.7677554 35.6786701
238 139.770243 35.6818471
239 139.7667123 35.6753513
240 139.7759407 35.6804384
241 139.77716 35.6754528
242 139.768953 35.6753711
243 139.7728285 35.6865234
244 139.7744938 35.6789219
245 139.7735629 35.682094
246 139.7742424 35.6873276
247 139.7688275 35.6854013
248 139.7708588 35.6805297
249 139.7734359 35.6837999
250 139.765874 35.6865878
251 139.7616617 35.6865758
252 139.7769442 35.6763056
253 139.7629746 35.6854997
254 139.7678331 35.67558
255 139.7763794 35.6818573
256 139.7818053 35.6824523
257 139.7665508 35.6808535
258 139.7738943 35.6864633
259 139.7798573 35.6841607
260 139.771429 35.6850537
261 139.7666878 35.6746848
262 139.7707545 35.6737456
263 139.7667407 35.6772199
264 139.7761223 35.6818944
265 139.7699469 35.6761844
266 139.778428 35.6808238
267 139.7690406 35.6802017
268 139.7720703 35.6752967
269 139.7639159 35.6832763
270 139.7750671 35.68763
271 139.7678056 35.6737128
272 139.7801104 35.6840077
273 139.7695673 35.6810732
274 139.780284 35.6797294
275 139.7746771 35.6842549
276 139.7765153 35.6865995
277 139.773841 35.6783224
278 139.7696624 35.6818119
279 139.7691161 35.6832994
280 139.7683973 35.6861834
281 139.7650573 35.674201
282 139.7722991 35.6875079
283 139.7671886 35.6751761
284 139.7633816 35.6869764
285 139.776968 35.6746435
286 139.7772632 35.6822677
287 139.7786606 35.6812002
288 139.7755956 35.6819196
289 139.7780757 35.6834256
290 139.7763675 35.6818357
291 139.7766104 35.6745735
292 139.7747405 35.6787582
293 139.7774813 35.6757604
294 139.7646849 35.6850263
295 139.7620817 35.6820319
296 139.7748056 35.6806975
297 139.7700914 35.6739898
298 139.7773957 35.6836087
299 139.7759022 35.6855306
300 139.7685473 35.6768285
301 139.7690095 35.6803562
302 139.7643835 35.6732171
303 139.7725194 35.6762301
304 139.7709015 35.6838242
305 139.7658505 35.6817854
306 139.7696792 35.6763882
307 139.7745182 35.6799342
308 139.7776946 35.6797139
309 139.7747381 35.6786036
310 139.778426 35.6866967
311 139.7635265 35.6864178
312 139.7725818 35.6859342
313 139.7806486 35.675561
314 139.7805682 35.6824833
315 139.7739565 35.6827363
316 139.7741738 35.6836219
317 139.7685168 35.6733229
318 139.7804244 35.6792855
319 139.7634882 35.6743846
320 139.7675205 35.6740748
321 139.7673165 35.6740954
322 139.7643793 35.6754587
323 139.7629923 35.6849131
324 139.7632952 35.67785
325 139.7642749 35.6802369
326 139.7757734 35.6759175
327 139.7821014 35.6752025
328 139.7777168 35.6791091
329 139.7689979 35.6820817
330 139.7736355 35.6778826
331 139.7688326 35.673176
332 139.7716943 35.6753419
333 139.7758141 35.6802243
334 139.7674244 35.6841555
335 139.7756488 35.6818585
336 139.7779232 35.6790214
337 139.7733984 35.6784966
338 139.7659237 35.6751993
339 139.781171 35.6752372
340 139.7642279 35.6797973
341 139.7654858 35.6788879
342 139.780164 35.672765
343 139.7650081 35.6831456
344 139.7786569 35.6741511
345 139.7778326 35.6759435
346 139.7796836 35.6790645
347 139.7631828 35.6769303
348 139.7643337 35.6753907
349 139.7765154 35.6744566
350 139.7752368 35.6794176
351 139.7786045 35.6850252
352 139.7688408 35.6804042
353 139.7712347 35.6746172
354 139.7788473 35.6780871
355 139.769792 35.6818256
356 139.773271 35.6819231
357 139.7695444 35.6761111
358 139.7798128 35.6807563
359 139.7748734 35.6754207
360 139.7732841 35.6799145
361 139.7699842 35.6859685
362 139.7740247 35.6861911
363 139.7671368 35.6835881
364 139.7691382 35.6801593
365 139.7768387 35.6741358
366 139.7674104 35.678131
367 139.7724489 35.6864288
368 139.772991 35.6851307
369 139.7791984 35.6786818
370 139.7809284 35.6869925
371 139.7633969 35.6853987
372 139.7689034 35.6746908
373 139.7635062 35.6870706
374 139.7667257 35.6746602
375 139.7695926 35.6815835
376 139.7766273 35.6861927
377 139.7732715 35.6818469
378 139.7777742 35.672872
379 139.7641162 35.673586
380 139.774474 35.6800435
381 139.766858 35.6890334
382 139.7649134 35.6819946
383 139.7698706 35.6726557
384 139.767039 35.6843288
385 139.7771131 35.6834824
386 139.7795855 35.6822635
387 139.7646905 35.6826576
388 139.7775684 35.6796539
389 139.7772292 35.6753527
390 139.7795299 35.6871206
391 139.765084 35.6829592
392 139.7729836 35.6826618
393 139.7632067 35.6853733
394 139.7775064 35.6787939
395 139.7783478 35.6767712
396 139.7640487 35.673162
397 139.7706257 35.6748489
398 139.763442 35.6821539
399 139.7629819 35.6807344
400 139.7712313 35.680811
401 139.7743788 35.684764
402 139.7745589 35.6747592
403 139.7735454 35.6873551
404 139.7764995 35.6872264
405 139.7712572 35.6808582
406 139.7780577 35.6875754
407 139.7642465 35.6777211
408 139.7756217 35.6776138
409 139.7632764 35.6816596
410 139.7772421 35.6872325
411 139.7639623 35.6736576
412 139.7725687 35.6831301
413 139.7705547 35.6798516
414 139.7669992 35.6770152
415 139.7813208 35.6814763
416 139.7833715 35.6896019
417 139.7643804 35.6803987
418 139.7703698 35.677099
419 139.7784836 35.687583
420 139.7746026 35.6847438
421 139.7692445 35.6882053
422 139.7636362 35.6873027
423 139.7806475 35.6841451
424 139.7729927 35.6826775
425 139.7640049 35.6784092
426 139.7716727 35.67487
427 139.7753593 35.6824022
428 139.7631153 35.6745805
429 139.7729816 35.6839223
430 139.7700395 35.6740898
431 139.767634 35.6841456
432 139.7711409 35.6834079
433 139.7679219 35.6738355
434 139.7714929 35.6851825
435 139.7665313 35.6746232
436 139.7661057 35.6735367
437 139.7780156 35.6819437
438 139.7709001 35.6796046
439 139.7786869 35.6860901
440 139.7654457 35.6791056
441 139.7758186 35.6741566
442 139.7729379 35.6833509
443 139.7772237 35.675526
444 139.7647384 35.6816313
445 139.7633639 35.6739223
446 139.7745945 35.6864751
447 139.7669774 35.6743262
448 139.767924 35.6784218
449 139.7716464 35.6736459
450 139.7746652 35.6807601
451 139.7710717 35.6808779
452 139.7645665 35.6744147
453 139.7780293 35.6806543
454 139.7708488 35.6752037
455 139.7805889 35.6862536
456 139.7761415 35.6819266
457 139.7667444 35.6746243
458 139.7797838 35.686423
459 139.7742935 35.6734622
460 139.7755591 35.6845674
461 139.7686033 35.6730321
462 139.7807529 35.6834598
463 139.7693035 35.680953
464 139.7760983 35.6793594
465 139.7775832 35.6873832
466 139.7658351 35.6845912
467 139.7704332 35.6744221
468 139.7706625 35.674803
469 139.7667608 35.6846791
470 139.7749989 35.6791538
471 139.7700712 35.6741581
472 139.7735789 35.6784256
473 139.7756165 35.6852085
474 139.7658233 35.6865826
475 139.7783409 35.6773085
476 139.7723259 35.6812381
477 139.7747538 35.6836032
478 139.7651036 35.6740999
479 139.7671282 35.6769948
480 139.7739083 35.6826564
481 139.7691691 35.6801164
482 139.7761391 35.6773192
483 139.7749263 35.680593
484 139.777438 35.6782413
485 139.7744242 35.6842946
486 139.7703011 35.6812
487 139.7777961 35.6741598
488 139.7798931 35.685342
489 139.7805511 35.6755044
490 139.7751745 35.680983
491 139.7706214 35.6764857
492 139.773881 35.686501
493 139.777433 35.6770722
494 139.766489 35.6732723
495 139.7659016 35.6859488
496 139.7716203 35.6752228
497 139.7741923 35.673281
498 139.7760843 35.6860222
499 139.7785384 35.6734666
500 139.7812245 35.6748407
501 139.7722692 35.6809266
502 139.7741219 35.6862039
503 139.7733877 35.6792372
504 139.7770181 35.6788153
505 139.7813868 35.6828821
506 139.7730091 35.678649
507 139.7717789 35.6811255
508 139.7800594 35.6799163
509 139.7670357 35.6744178
510 139.7739357 35.6826031
511 139.7775622 35.6874349
512 139.7704619 35.6816671
513 139.7691693 35.6754808
514 139.7663179 35.6863893
515 139.7713465 35.6792295
516 139.7674578 35.6741162
517 139.764786 35.6825128
518 139.7647102 35.6816959
519 139.7732277 35.6818089
520 139.7767491 35.6759949
521 139.7800179 35.6801331
522 139.7765126 35.6814734
523 139.7689493 35.6860788
524 139.7808515 35.6765358
525 139.7789508 35.6794524
526 139.7689145 35.6839133
527 139.7761575 35.6775839
528 139.7637464 35.6793406
529 139.7815745 35.6775541
530 139.7681935 35.6748876
531 139.7661971 35.6859877
532 139.7707774 35.683797
533 139.7731286 35.6795619
534 139.7739701 35.6757663
535 139.7659501 35.6860026
536 139.7656352 35.6811126
537 139.7783124 35.6765974
538 139.7787425 35.6758662
539 139.7670966 35.6771702
540 139.7755442 35.6765002
541 139.7753108 35.682423
542 139.7736823 35.683054
543 139.7682659 35.6861938
544 139.7645706 35.684864
545 139.7757653 35.6802436
546 139.7805947 35.6807704
547 139.7809899 35.6856125
548 139.778066 35.6807184
549 139.7743417 35.6810122
550 139.7757004 35.6777583
551 139.7741219 35.6834465
552 139.7642168 35.6804666
553 139.7636382 35.6853517
554 139.7747331 35.6843649
555 139.771751 35.6739499
556 139.7746567 35.6752165
557 139.7712759 35.6788607
558 139.7642587 35.6840993
559 139.767964 35.6759159
560 139.7827713 35.6843759
561 139.7626506 35.6841865
562 139.7729246 35.683934
563 139.7732982 35.679937
564 139.7639015 35.6794098
565 139.7643896 35.6735902
566 139.7777436 35.6775689
567 139.772037 35.6824156
568 139.7741702 35.6854754
569 139.7787023 35.6777463
570 139.7727627 35.6782404
571 139.7710074 35.678125
572 139.781669 35.6812784
573 139.7690935 35.6836259
574 139.7766534 35.6758425
575 139.7745128 35.6835585
576 139.7665021 35.6766738
577 139.7718187 35.6874274
578 139.7665864 35.6864331
579 139.7706802 35.6834561
580 139.7654142 35.6802779
581 139.7752345 35.686227
582 139.7744435 35.6848051
583 139.7655856 35.6808241
584 139.7804287 35.6835726
585 139.7775394 35.6754895
586 139.7726621 35.68303
587 139.7786949 35.6763865
588 139.7786143 35.6771966
589 139.7823282 35.6828304
590 139.7696364 35.6735094
591 139.7765422 35.6870776
592 139.7744194 35.6854996
593 139.7754052 35.6808993
594 139.7709017 35.6778488
595 139.7743415 35.6845413
596 139.7752936 35.685774
597 139.7695242 35.6764275
598 139.7659352 35.6752533
599 139.7695305 35.6742732
600 139.7748033 35.684479
601 139.7699959 35.6740603
602 139.7682464 35.6735728
603 139.7635742 35.6756519
604 139.7735917 35.6874343
605 139.770082 35.6873569
606 139.7778641 35.6766824
607 139.7806421 35.6760337
608 139.7733359 35.6775143
609 139.7689585 35.6747266
610 139.7695363 35.681597
611 139.7717543 35.6748383
612 139.7716712 35.673699
613 139.7657091 35.6738371
614 139.7744504 35.6851651
615 139.7642868 35.6814606
616 139.7765456 35.6897368
617 139.7634332 35.6869282
618 139.763029 35.6840318
619 139.7722706 35.6826487
620 139.7785615 35.6775293
621 139.7758711 35.6814712
622 139.7661119 35.6861647
623 139.7640397 35.686882
624 139.766 35.6861833
625 139.7743953 35.6747832
626 139.7768234 35.6871946
627 139.7726671 35.6834588
628 139.7770387 35.677878
629 139.7745296 35.6849057
630 139.7713601 35.6855052
631 139.7715195 35.6849675
632 139.7733623 35.6804105
633 139.7750974 35.677742
634 139.7686367 35.6748128
635 139.7759676 35.6818089
636 139.7725963 35.6761999
637 139.7686889 35.6808107
638 139.7810119 35.6834064
639 139.7712755 35.6792856
640 139.769224 35.6812416
641 139.7631257 35.6855727
642 139.7794903 35.6763662
643 139.7691615 35.6860049
644 139.7736319 35.68249
645 139.7765687 35.6826093
646 139.7718602 35.6768282
647 139.7643978 35.6813563
648 139.7718476 35.6801828
649 139.7735514 35.6820778
650 139.7812041 35.675929
651 139.7643724 35.6755087
652 139.7670898 35.6743661
653 139.7744539 35.6844822
654 139.7817062 35.682509
655 139.7648761 35.6742799
656 139.7758424 35.6745585
657 139.7652483 35.6838734
658 139.7629769 35.6748059
659 139.7672377 35.6844715
660 139.766682 35.6740568
661 139.7808893 35.682862
662 139.7691518 35.6807095
663 139.7763232 35.6741457
664 139.7748901 35.6811017
665 139.7711315 35.6837449
666 139.7777394 35.6883223
667 139.7697642 35.6760118
668 139.7670041 35.6820705
669 139.7676047 35.6751884
670 139.7719956 35.6743575
671 139.770086 35.6835355
672 139.7767415 35.6849889
673 139.7643174 35.6734904
674 139.778981 35.6816063
675 139.7781455 35.6768547
676 139.7636722 35.6860368
677 139.7681387 35.6743216
678 139.7799806 35.687323
679 139.7660503 35.6734517
680 139.7751636 35.6820963
681 139.7736805 35.6866234
682 139.7726808 35.6768729
683 139.7712671 35.6829202
684 139.781245 35.6793028
685 139.7657014 35.673762
686 139.7638272 35.6791846
687 139.771049 35.6853885
688 139.765715 35.6736855
689 139.7737195 35.6770332
690 139.7633763 35.6816331
691 139.7816979 35.6826446
692 139.7734283 35.6837787
693 139.7808253 35.6859548
694 139.7730553 35.6792648
695 139.7631445 35.680603
696 139.7727193 35.6770033
697 139.77601 35.6774593
698 139.7692274 35.6862447
699 139.7810466 35.6776559
700 139.7660124 35.6862915
701 139.7679244 35.6737532
702 139.7704381 35.6871488
703 139.7734956 35.6782818
704 139.7757267 35.6812508
705 139.7670941 35.6844646
706 139.7730772 35.6786223
707 139.7658253 35.6752629
708 139.7796415 35.6746654
709 139.7659407 35.6848632
710 139.7663736 35.6847669
711 139.7747971 35.6754493
712 139.7798653 35.6745957
713 139.7721952 35.6734449
714 139.7764399 35.6870571
715 139.7628665 35.6836339
716 139.7634615 35.6870446
717 139.7816048 35.6756245
718 139.777932 35.6761423
719 139.7751109 35.6872817
720 139.7753422 35.6795896
721 139.7733048 35.6747845
722 139.7633548 35.6854817
723 139.7751733 35.6777226
724 139.7730976 35.678895
725 139.7627016 35.6727518
726 139.7671119 35.6752013
727 139.7703341 35.6769438
728 139.7632815 35.6854936
729 139.774395 35.6855615
730 139.7658908 35.6867242
731 139.7651042 35.6774681
732 139.7752033 35.6873108
733 139.7760111 35.684822
734 139.7674579 35.6842316
735 139.7720047 35.6832869
736 139.7680772 35.6735875
737 139.7714411 35.6791146
738 139.776957 35.6788381
739 139.7708316 35.6741881
740 139.7800533 35.6799319
741 139.7720634 35.6780434
742 139.7692429 35.6800285
743 139.7814093 35.6783878
744 139.7645481 35.674498
745 139.767187 35.6801377
746 139.7817303 35.6860714
747 139.763123 35.6805344
748 139.778716 35.6850384
749 139.7654308 35.6740169
750 139.7740633 35.686102
751 139.7676272 35.6842802
752 139.7766214 35.6824891
753 139.7743553 35.6825109
754 139.7713007 35.6855874
755 139.7699633 35.6767648
756 139.7631856 35.685309
757 139.7663474 35.6732445
758 139.7634069 35.6859288
759 139.76412 35.687653
760 139.7743588 35.6745429
761 139.7792517 35.6819817
762 139.7685583 35.673369
763 139.7732369 35.6836832
764 139.7775195 35.683555
765 139.7809454 35.6746703
766 139.7729383 35.6837531
767 139.7789552 35.6781509
768 139.7752766 35.6760811
769 139.766786 35.6773472
770 139.7803725 35.6798777
771 139.7778479 35.6858436
772 139.7647549 35.6817112
773 139.7727556 35.6812429
774 139.7641275 35.680083
775 139.7629358 35.6838835
776 139.7800764 35.6800062
777 139.7777952 35.6741215
778 139.7755772 35.6800892
779 139.7633184 35.6817709
780 139.7716286 35.6735959
781 139.7802904 35.6798398
782 139.7697871 35.6741653
783 139.7754603 35.685391
784 139.774324 35.6824428
785 139.7721882 35.6755813
786 139.7768031 35.6848556
787 139.7731444 35.6795838
788 139.7736396 35.682503
789 139.7695147 35.6757254
790 139.7635665 35.6869074
791 139.7647304 35.6824793
792 139.7643535 35.6803146
793 139.7652417 35.6776542
794 139.7747895 35.6762867
795 139.7766494 35.6834767
796 139.7791767 35.6878822
797 139.7733532 35.6874109
798 139.7647503 35.6816893
799 139.7701784 35.6772591
800 139.7756593 35.6776991
801 139.7755691 35.6863218
802 139.7634056 35.6780172
803 139.777191 35.6812842
804 139.7747859 35.6797648
805 139.7671353 35.6742266
806 139.7689856 35.6861808
807 139.7634856 35.6756711
808 139.7646809 35.6728592
809 139.7755927 35.6854328
810 139.7645038 35.6744368
811 139.7784948 35.6848347
812 139.769261 35.6861778
813 139.773616 35.6825909
814 139.7693676 35.6834307
815 139.7785082 35.6760686
816 139.7798509 35.6797198
817 139.7819005 35.6745701
818 139.7698097 35.6760368
819 139.779176 35.6808697
820 139.7724963 35.6808335
821 139.7733464 35.6827625
822 139.7787257 35.6815996
823 139.7651453 35.6802118
824 139.7729188 35.6834302
825 139.7672907 35.6840522
826 139.7725588 35.6751562
827 139.7635506 35.6869792
828 139.7743589 35.68083
829 139.7701945 35.6798221
830 139.7761774 35.6879811
831 139.7797726 35.6778199
832 139.7639735 35.683179
833 139.7714689 35.674973
834 139.7723941 35.6794826
835 139.771938 35.6792739
836 139.7690943 35.6753669
837 139.7695118 35.6818488
838 139.7729174 35.6815004
839 139.7786558 35.6744816
840 139.7682753 35.6788013
841 139.7714327 35.6775303
842 139.7706872 35.6779395
843 139.7682601 35.6862231
844 139.7715318 35.6752536
845 139.7769593 35.6832895
846 139.7733886 35.6774929
847 139.778162 35.6766422
848 139.7730887 35.6771368
849 139.7646024 35.6815023
850 139.7750513 35.6767076
851 139.7675127 35.6742207
852 139.7691887 35.6809218
853 139.7785104 35.6745031
854 139.7803677 35.6837217
855 139.7729353 35.6848749
856 139.7817829 35.6754877
857 139.7782325 35.6788943
858 139.7615479 35.6760893
859 139.777119 35.67457
860 139.7660144 35.6867323
861 139.7744265 35.681152
862 139.7667232 35.6813345
863 139.7740107 35.681561
864 139.7733275 35.6780085
865 139.7787981 35.6804199
866 139.7703688 35.6797479
867 139.7712988 35.6740966
868 139.7649403 35.6778688
869 139.7756467 35.6759593
870 139.7745915 35.6834457
871 139.7755912 35.6764538
872 139.7696808 35.6810239
873 139.7655057 35.6751976
874 139.7749354 35.6753999
875 139.7650187 35.6802514
876 139.7651812 35.6774786
877 139.7806621 35.6836467
878 139.7804397 35.6762287
879 139.7770966 35.6814594
880 139.7694351 35.6836131
881 139.7774109 35.6830379
882 139.7660545 35.6755969
883 139.7723732 35.6794514
884 139.7650619 35.6776935
885 139.7812961 35.6814328
886 139.7775182 35.6836077
887 139.7632992 35.6816545
888 139.7739471 35.6782045
889 139.7790136 35.6778341
890 139.7763564 35.6747021
891 139.7784032 35.6770165
892 139.7814284 35.674907
893 139.765516 35.6809073
894 139.7710997 35.6737583
895 139.7613164 35.6857403
896 139.778714 35.6746106
897 139.7728791 35.6812074
898 139.7680176 35.6789049
899 139.764045 35.6798373
900 139.7740334 35.6864121
901 139.7681557 35.6748991
902 139.7663455 35.6758277
903 139.7741815 35.6795675
904 139.77611 35.6826568
905 139.7734998 35.6766837
906 139.770424 35.6747156
907 139.7764138 35.673381
908 139.7762551 35.6733583
909 139.7768453 35.683595
910 139.7694605 35.6839087
911 139.7705621 35.67384
912 139.7794005 35.6788647
913 139.7742852 35.6746967
914 139.7641702 35.6814614
915 139.7771204 35.6847598
916 139.764678 35.6850009
917 139.7786216 35.6849256
918 139.7772991 35.6827295
919 139.7812116 35.6815442
920 139.7750082 35.6804144
921 139.7799694 35.6800645
922 139.7798648 35.6799167
923 139.7654893 35.6846176
924 139.7814036 35.6794336
925 139.7733858 35.681818
926 139.7738808 35.6861325
927 139.7734209 35.6783059
928 139.7693618 35.6762208
929 139.7746122 35.686423
930 139.7787079 35.6775044
931 139.7805641 35.6883031
932 139.7660585 35.686174
933 139.7707577 35.6786064
934 139.7632194 35.6853917
935 139.7742672 35.6837413
936 139.7792081 35.6781658
937 139.7817949 35.6790086
938 139.7668412 35.6744193
939 139.7660951 35.6823921
940 139.7750825 35.6810221
941 139.7652409 35.6828337
942 139.7704006 35.6797051
943 139.7740987 35.6734747
944 139.7816321 35.6744038
945 139.7772675 35.6754162
946 139.775316 35.6853454
947 139.7779265 35.6903636
948 139.7744835 35.6781879
949 139.7694043 35.6837966
950 139.7724892 35.6831594
951 139.7802496 35.6837933
952 139.7659236 35.675237
953 139.7810488 35.676048
954 139.7699024 35.6819822
955 139.7745316 35.6836718
956 139.7642181 35.6800615
957 139.7699196 35.6776029
958 139.7748612 35.6788045
959 139.7752311 35.6753009
960 139.7630093 35.6769728
961 139.7739146 35.6829613
962 139.7713424 35.6813067
963 139.7629033 35.6805708
964 139.7760505 35.681774
965 139.7806377 35.6796316
966 139.7626105 35.6731336
967 139.7691653 35.6728922
968 139.7806101 35.6745748
969 139.7761154 35.6806954
970 139.7780871 35.6789541
971 139.7729783 35.6811583
972 139.767736 35.6844993
973 139.7809643 35.6748995
974 139.7805809 35.6759941
975 139.7654914 35.6805832
976 139.7632276 35.6778847
977 139.7743548 35.6815503
978 139.7634189 35.6868691
979 139.7700323 35.6767364
980 139.7763235 35.6788175
981 139.7662303 35.6873072
982 139.7653142 35.6829858
983 139.7811911 35.6792482
984 139.7703681 35.6799298
985 139.7754218 35.6866761
986 139.7721588 35.6809719
987 139.7707095 35.68619
988 139.7763734 35.6778004
989 139.7786603 35.6741083
990 139.7728448 35.6773871
991 139.7813559 35.6830826
992 139.7784712 35.6807628
993 139.7635267 35.6778188
994 139.7710263 35.6854971
995 139.7703729 35.6758171
996 139.7710921 35.6852703
997 139.7745261 35.6782575
998 139.7761475 35.6864861
999 139.772082 35.6800347
1000 139.7735459 35.6875096
1001 139.7774286 35.6840003
1002 139.7638605 35.6733886
1003 139.7790722 35.6781022
1004 139.7649977 35.6868533
1005 139.7766342 35.6783317
1006 139.7725845 35.6865248
1007 139.7761817 35.6774931
1008 139.7716598 35.6755636
1009 139.7738178 35.686287
1010 139.764199 35.675424
1011 139.7751134 35.6821166
1012 139.7629122 35.6856167
1013 139.7716859 35.6801582
1014 139.7677474 35.6739557
1015 139.7768379 35.687324
1016 139.7805254 35.6808318
1017 139.767158 35.6772692
1018 139.7807673 35.6746105
1019 139.7733137 35.6792413
1020 139.7777077 35.6762832
1021 139.765148 35.6726464
1022 139.7693662 35.6753887
1023 139.7789859 35.6748594
1024 139.7685586 35.6844271
1025 139.7710597 35.6793694
1026 139.7646689 35.6715798
1027 139.7679314 35.6814383
1028 139.7638706 35.6793143
1029 139.7741471 35.6855277
1030 139.7669862 35.6749029
1031 139.7641076 35.6804939
1032 139.765849 35.6865852
1033 139.7777954 35.6729302
1034 139.7764512 35.6777683
1035 139.7686353 35.6801603
1036 139.7610353 35.6784502
1037 139.773506 35.6794298
1038 139.7716672 35.6737153
1039 139.7720205 35.6817934
1040 139.7652178 35.6803909
1041 139.7829114 35.6802664
1042 139.767698 35.6738932
1043 139.766155 35.6735022
1044 139.7619886 35.6809259
1045 139.7698552 35.6759176
1046 139.7671822 35.6695695
1047 139.7629048 35.6757501
1048 139.766048 35.671252
1049 139.7725026 35.6778607
1050 139.7683077 35.6863254
1051 139.7735184 35.6873479
1052 139.763543 35.686819
1053 139.7688255 35.6872435
1054 139.7642539 35.6813649
1055 139.7700689 35.6762232
1056 139.770844 35.6763962
1057 139.7756661 35.6768379
1058 139.7735672 35.6874894
1059 139.774128 35.6830208
1060 139.7757524 35.6812406
1061 139.7732888 35.6828816
1062 139.7744418 35.6834099
1063 139.7640507 35.6891541
1064 139.7648634 35.6824525
1065 139.7701382 35.6741238
1066 139.7657575 35.6737208
1067 139.7669511 35.674341
1068 139.7768454 35.6761483
1069 139.7717786 35.6748818
1070 139.7636086 35.6755682
1071 139.7715213 35.6735863
1072 139.7634822 35.6853154
1073 139.7732998 35.6790957
1074 139.7695744 35.6764225
1075 139.7791817 35.6804739
1076 139.7648893 35.6807079
1077 139.7647012 35.681644
1078 139.7784843 35.6746853
1079 139.7653958 35.6739818
1080 139.7696826 35.6734915
1081 139.7743872 35.6756027
1082 139.7758868 35.6805745
1083 139.7692567 35.6753381
1084 139.7813441 35.6793837
1085 139.7633269 35.6781765
1086 139.7643168 35.6806368
1087 139.7792054 35.6780485
1088 139.7768618 35.6741967
1089 139.7684959 35.6732957
1090 139.7628007 35.683422
1091 139.7635617 35.678743
1092 139.7755514 35.679567
1093 139.77427 35.679532
1094 139.7764934 35.6824919
1095 139.7769564 35.6744445
1096 139.7669776 35.6774653
1097 139.7700453 35.6873129
1098 139.7770065 35.6848807
1099 139.7718617 35.6796927
1100 139.7719619 35.6759412
1101 139.7636569 35.6822242
1102 139.7660547 35.6859352
1103 139.7760863 35.6835752
1104 139.7675004 35.6841823
1105 139.7744413 35.6809667
1106 139.7820175 35.6832155
1107 139.7669749 35.672908
1108 139.7656491 35.6845886
1109 139.7742592 35.6814588
1110 139.7723436 35.6775981
1111 139.7710895 35.6768077
1112 139.7685458 35.6810442
1113 139.7729525 35.6786715
1114 139.781167 35.685698
1115 139.7801158 35.6800057
1116 139.7724311 35.6802977
1117 139.7796038 35.6787768
1118 139.7793466 35.6772481
1119 139.7812574 35.6816397
1120 139.766179 35.6755605
1121 139.7751973 35.6778899
1122 139.7809126 35.6833567
1123 139.76293 35.6856684
1124 139.7663629 35.6846851
1125 139.7780601 35.6752954
1126 139.7800056 35.6797872
1127 139.7728073 35.6838494
1128 139.7663012 35.6775281
1129 139.7778047 35.6745116
1130 139.7704107 35.6758802
1131 139.7766069 35.6854844
1132 139.7707363 35.6829392
1133 139.7672957 35.6842729
1134 139.7649853 35.6804517
1135 139.7696302 35.6837434
1136 139.7748765 35.674728
1137 139.77893 35.6778688
1138 139.7635887 35.6757117
1139 139.7687137 35.6838458
1140 139.7780673 35.6767288
1141 139.7714423 35.6761556
1142 139.7757697 35.6813164
1143 139.7784075 35.683405
1144 139.7789531 35.6815315
1145 139.7634287 35.6870501
1146 139.7679904 35.6770645
1147 139.7809656 35.6824267
1148 139.7738507 35.6825996
1149 139.7766357 35.6746454
1150 139.7634694 35.6778013
1151 139.7719631 35.6817692
1152 139.7730751 35.6817576
1153 139.765864 35.682716
1154 139.763999 35.6793855
1155 139.7642912 35.6891661
1156 139.7648576 35.6776234
1157 139.7733793 35.6820458
1158 139.7788254 35.6779432
1159 139.7633371 35.675735
1160 139.7701034 35.6732765
1161 139.7774608 35.6754986
1162 139.7737585 35.6781908
1163 139.7772113 35.6789796
1164 139.7671348 35.6752716
1165 139.7663683 35.686522
1166 139.7797083 35.6879705
1167 139.7736527 35.6825755
1168 139.7721931 35.6826797
1169 139.7786517 35.684849
1170 139.7720977 35.675344
1171 139.7708499 35.6781933
1172 139.7665838 35.686379
1173 139.7696664 35.6802102
1174 139.7812294 35.6832518
1175 139.7650568 35.6774746
1176 139.7615088 35.6798191
1177 139.7694327 35.6832211
1178 139.7701088 35.6739914
1179 139.7778287 35.6849121
1180 139.778014 35.675219
1181 139.7783124 35.6833464
1182 139.7630551 35.6768763
1183 139.7739032 35.6784398
1184 139.7713007 35.6795691
1185 139.7660761 35.6848331
1186 139.7717917 35.6875045
1187 139.7782361 35.680531
1188 139.7778059 35.6745599
1189 139.773901 35.6866276
1190 139.7695383 35.6743414
1191 139.760894 35.6741085
1192 139.7632966 35.675703
1193 139.7735798 35.6779046
1194 139.7680176 35.6758934
1195 139.7766039 35.6811029
1196 139.7652858 35.6777817
1197 139.7795997 35.6809477
1198 139.777121 35.676587
1199 139.7756599 35.6819408
1200 139.7784938 35.6761099
1201 139.7698377 35.675289
1202 139.7688281 35.6807611
1203 139.7720267 35.6800571
1204 139.7740538 35.6863641
1205 139.764783 35.6826385
1206 139.7714752 35.6766516
1207 139.7742916 35.6855529
1208 139.7685665 35.6747643
1209 139.7815869 35.6837244
1210 139.7760618 35.6807187
1211 139.7643716 35.6849047
1212 139.7753695 35.6825141
1213 139.7641863 35.6803747
1214 139.7685379 35.673366
1215 139.7725648 35.6790041
1216 139.764593 35.684791
1217 139.7657602 35.6828255
1218 139.7702379 35.6854025
1219 139.7666356 35.6746345
1220 139.7779621 35.6763137
1221 139.7789122 35.6816328
1222 139.7799211 35.6796917
1223 139.7714041 35.6756412
1224 139.7690096 35.68049
1225 139.7686096 35.6870057
1226 139.7731067 35.6817518
1227 139.7773881 35.676998
1228 139.77516 35.6872972
1229 139.77241 35.6872648
1230 139.7765704 35.6741403
1231 139.7760003 35.6883853
1232 139.7729148 35.6805213
1233 139.7738424 35.6862248
1234 139.7804572 35.6796417
1235 139.7704644 35.6747039
1236 139.7719867 35.6818075
1237 139.7720416 35.6870171
1238 139.7660833 35.6866472
1239 139.7656534 35.673716
1240 139.7679015 35.6737039
1241 139.7647834 35.6820383
1242 139.7739207 35.6835232
1243 139.7674105 35.67732
1244 139.7633319 35.672773
1245 139.7636042 35.6746202
1246 139.7787112 35.6745473
1247 139.7658074 35.6849183
1248 139.7631173 35.6869145
1249 139.7709777 35.673001
1250 139.7748102 35.6838198
1251 139.7635777 35.6822416
1252 139.7730757 35.6797322
1253 139.7697361 35.674189
1254 139.7748492 35.6802935
1255 139.7778943 35.6836467
1256 139.7746928 35.6848339
1257 139.7689314 35.6803661
1258 139.7663575 35.6864574
1259 139.7697734 35.6816787
1260 139.7769042 35.6872515
1261 139.7746684 35.6784898
1262 139.7753042 35.6867677
1263 139.7661247 35.6735234
1264 139.7657372 35.6814508
1265 139.780683 35.6834011
1266 139.7745828 35.6834282
1267 139.7706346 35.6835269
1268 139.7749794 35.6732326
1269 139.7786208 35.6763971
1270 139.7724236 35.6864849
1271 139.7622635 35.682231
1272 139.7796363 35.6868287
1273 139.7770155 35.6847525
1274 139.7640296 35.6737575
1275 139.7762228 35.677559
1276 139.7680351 35.6796526
1277 139.7817485 35.6835323
1278 139.7659514 35.6773813
1279 139.7700369 35.6815558
1280 139.7756466 35.6812824
1281 139.7673422 35.6735435
1282 139.776041 35.681663
1283 139.7731213 35.6735451
1284 139.7729019 35.6849018
1285 139.7789698 35.6810703
1286 139.7752441 35.6820632
1287 139.7676581 35.6744459
1288 139.7801196 35.6759926
1289 139.7756474 35.6800602
1290 139.7693717 35.6804788
1291 139.7736533 35.6785453
1292 139.7688153 35.6731234
1293 139.7801247 35.6856994
1294 139.7652345 35.6874103
1295 139.7743503 35.6780424
1296 139.7646013 35.6744723
1297 139.7796789 35.6744889
1298 139.7780658 35.6768876
1299 139.7645264 35.675475
1300 139.7720448 35.6754528
1301 139.7769825 35.6749497
1302 139.7690154 35.6747654
1303 139.7785034 35.6745516
1304 139.7750617 35.6791317
1305 139.7806449 35.6787437
1306 139.7795668 35.6760966
1307 139.7782671 35.6849091
1308 139.7768266 35.6810124
1309 139.775421 35.685814
1310 139.7728944 35.6837398
1311 139.7698766 35.6813773
1312 139.7769147 35.6862658
1313 139.7684567 35.6766756
1314 139.7747142 35.6843602
1315 139.7735643 35.6824723
1316 139.7622498 35.6739942
1317 139.7748434 35.6865536
1318 139.7636153 35.6756429
1319 139.7792627 35.6746041
1320 139.773488 35.6824333
1321 139.7785007 35.6775543
1322 139.7782895 35.6784225
1323 139.773152 35.6848332
1324 139.7747152 35.6784679
1325 139.7750897 35.6818369
1326 139.7652741 35.6820273
1327 139.7763309 35.6745537
1328 139.7743637 35.6760067
1329 139.7648936 35.6777303
1330 139.7701388 35.6733146
1331 139.7657591 35.6858791
1332 139.7704864 35.6870782
1333 139.7803395 35.6836361
1334 139.7734739 35.6793778
1335 139.7776266 35.6797416
1336 139.7752873 35.6745956
1337 139.7771882 35.6849178
1338 139.7825685 35.6859888
1339 139.7667528 35.6753916
1340 139.7799703 35.6800121
1341 139.7668132 35.6774235
1342 139.768701 35.6732603
1343 139.7674341 35.6741437
1344 139.7713865 35.6854456
1345 139.7749669 35.673105
1346 139.7710571 35.6833548
1347 139.7709938 35.6789776
1348 139.7714115 35.6750731
1349 139.7695292 35.6761558
1350 139.7636617 35.6746417
1351 139.7705957 35.6703701
1352 139.776874 35.6785906
1353 139.7635578 35.6745944
1354 139.7632119 35.6786521
1355 139.773098 35.6813492
1356 139.7787096 35.6745122
1357 139.7745093 35.6789453
1358 139.7698836 35.6760897
1359 139.7793966 35.680176
1360 139.7750334 35.6801815
1361 139.7746715 35.6837258
1362 139.7785635 35.6751464
1363 139.7738667 35.6747676
1364 139.7662006 35.6748691
1365 139.7648877 35.6827957
1366 139.768658 35.6807452
1367 139.7718191 35.6755502
1368 139.7718968 35.6757977
1369 139.7749171 35.6702526
1370 139.7756518 35.6811361
1371 139.7709496 35.6833816
1372 139.7782136 35.6806613
1373 139.7664791 35.673279
1374 139.7744918 35.6745718
1375 139.767224 35.6844356
1376 139.7672616 35.6751533
1377 139.7800942 35.6741191
1378 139.774389 35.6781043
1379 139.7803864 35.687608
1380 139.7754792 35.6817318
1381 139.7689741 35.6806305
1382 139.7810164 35.6770202
1383 139.7775471 35.6791812
1384 139.7670682 35.6836139
1385 139.7787679 35.677965
1386 139.7711664 35.6793296
1387 139.7699335 35.6873819
1388 139.7734811 35.6873382
1389 139.77373 35.6802566
1390 139.7784942 35.6746159
1391 139.7712767 35.6754538
1392 139.7688241 35.6839343
1393 139.7666518 35.6844132
1394 139.7629828 35.679502
1395 139.7733572 35.6748103
1396 139.7720818 35.6805082
1397 139.777982 35.6761806
1398 139.76516 35.6726371
1399 139.7771465 35.6753725
1400 139.7762414 35.6786898
1401 139.7734657 35.6824896
1402 139.7723629 35.6864693
1403 139.7723732 35.6803218
1404 139.7738978 35.6823411
1405 139.7766968 35.6829732
1406 139.7784263 35.6744387
1407 139.7711594 35.6755596
1408 139.7784641 35.679264
1409 139.7741993 35.680563
1410 139.7665489 35.6708893
1411 139.7719906 35.6793597
1412 139.763497 35.6817324
1413 139.7747484 35.6798451
1414 139.7637323 35.6875701
1415 139.7779001 35.6778015
1416 139.7676463 35.681392
1417 139.7677125 35.6750329
1418 139.7760334 35.6792503
1419 139.7630765 35.680716
1420 139.7634658 35.6866623
1421 139.763953 35.675206
1422 139.7689944 35.6834975
1423 139.7640803 35.6751009
1424 139.7724912 35.6816511
1425 139.7739439 35.6835939
1426 139.764544 35.6848697
1427 139.7688841 35.6853866
1428 139.7811323 35.6832025
1429 139.7779719 35.6768648
1430 139.7625539 35.6854429
1431 139.7770826 35.6790444
1432 139.7767745 35.6760354
1433 139.7690647 35.6808946
1434 139.7705269 35.6773594
1435 139.7651517 35.677459
1436 139.767679 35.684397
1437 139.7634619 35.6755906
1438 139.7719196 35.675254
1439 139.7788662 35.6816595
1440 139.7769084 35.688018
1441 139.7765389 35.6825609
1442 139.7647132 35.6849889
1443 139.7751809 35.6794428
1444 139.7715378 35.679444
1445 139.7762443 35.6876387
1446 139.7767793 35.6873071
1447 139.7806093 35.674742
1448 139.775221 35.6857512
1449 139.779907 35.6746609
1450 139.7783639 35.6766906
1451 139.775863 35.6804008
1452 139.7764418 35.6871831
1453 139.7719034 35.6760348
1454 139.7748167 35.6798151
1455 139.7763841 35.6714356
1456 139.7661376 35.6859204
1457 139.7656039 35.6737587
1458 139.7799318 35.6852677
1459 139.7746396 35.6846221
1460 139.7656018 35.6752756
1461 139.7654152 35.67506
1462 139.7744895 35.6749393
1463 139.7774583 35.6820633
1464 139.7753984 35.6823852
1465 139.7783895 35.6757501
1466 139.7666796 35.6845941
1467 139.7760463 35.6847413
1468 139.7755679 35.6795957
1469 139.7787998 35.684866
1470 139.781444 35.6839732
1471 139.7744206 35.68342
1472 139.7755562 35.681605
1473 139.7696229 35.6806443
1474 139.7712935 35.6853888
1475 139.7715442 35.6849915
1476 139.7649508 35.6742474
1477 139.7751526 35.6857298
1478 139.778054 35.6806196
1479 139.7724021 35.6831915
1480 139.7770228 35.673352
1481 139.7741695 35.6760846
1482 139.7775579 35.6754234
1483 139.7660767 35.6862442
1484 139.775679 35.6733882
1485 139.7729866 35.6838807
1486 139.7743294 35.6790173
1487 139.7770404 35.685618
1488 139.7726743 35.6732447
1489 139.779451 35.6761356
1490 139.7785939 35.6833185
1491 139.7812189 35.6749732
1492 139.7743943 35.6746233
1493 139.7734745 35.6786184
1494 139.7645227 35.6805873
1495 139.7732594 35.6837472
1496 139.7665595 35.6765329
1497 139.772465 35.6816079
1498 139.776774 35.6829419
1499 139.7657032 35.6752987
1500 139.7782021 35.6859433
1501 139.7766322 35.6744411
1502 139.7817814 35.6789302
1503 139.7635418 35.6821319
1504 139.7645689 35.6822893
1505 139.7700922 35.6740641
1506 139.7732492 35.6780406
1507 139.773594 35.687395
1508 139.7692171 35.6745584
1509 139.7715111 35.6806937
1510 139.7636336 35.678108
1511 139.7802 35.6789255
1512 139.770374 35.6774165
1513 139.7755205 35.6795131
1514 139.7751747 35.6850854
1515 139.7745452 35.6836297
1516 139.7769584 35.6821854
1517 139.7637573 35.6783015
1518 139.7634436 35.6865802
1519 139.7661563 35.6754787
1520 139.7788286 35.6781279
1521 139.770211 35.6836182
1522 139.7725681 35.6828461
1523 139.771188 35.6850752
1524 139.7749301 35.6774737
1525 139.7732292 35.6799661
1526 139.7813388 35.6872418
1527 139.7732625 35.6817897
1528 139.7746482 35.6849388
1529 139.7639436 35.6833624
1530 139.7639896 35.673701
1531 139.7775102 35.6770425
1532 139.7783563 35.6833734
1533 139.7801954 35.6801328
1534 139.7705432 35.674845
1535 139.7812398 35.6752987
1536 139.7754683 35.6816424
1537 139.7800378 35.6799376
1538 139.7719782 35.681046
1539 139.7765541 35.6869651
1540 139.7744382 35.6745391
1541 139.7726523 35.6770314
1542 139.7767713 35.6839232
1543 139.7797951 35.6746616
1544 139.779418 35.6762815
1545 139.7681049 35.6796278
1546 139.7662711 35.6775343
1547 139.7721567 35.6832275
1548 139.7660065 35.6864505
1549 139.7769921 35.6729747
1550 139.7736872 35.6827438
1551 139.7810088 35.6857363
1552 139.7799675 35.6851781
1553 139.7660251 35.6847379
1554 139.7741596 35.6854993
1555 139.760311 35.6763742
1556 139.7740451 35.6783735
1557 139.7759142 35.6770799
1558 139.7696971 35.6786613
1559 139.777235 35.6801002
1560 139.7693011 35.6832536
1561 139.7761833 35.682772
1562 139.7734633 35.6803658
1563 139.7709921 35.6737793
1564 139.7743031 35.676468
1565 139.7750606 35.6757273
1566 139.7631569 35.6870125
1567 139.7710016 35.6771703
1568 139.7704816 35.6787214
1569 139.762526 35.6825382
1570 139.7673941 35.6741692
1571 139.7705567 35.6765117
1572 139.7651681 35.6868287
1573 139.7740676 35.6830455
1574 139.7742274 35.6847649
1575 139.780045 35.6839233
1576 139.7738463 35.6864477
1577 139.7672806 35.6840557
1578 139.7637103 35.6745727
1579 139.7701337 35.6818939
1580 139.7739828 35.6782659
1581 139.7652737 35.6804757
1582 139.768214 35.678891
1583 139.7645422 35.6820296
1584 139.7678729 35.6737653
1585 139.775137 35.6792547
1586 139.7718159 35.6831384
1587 139.7674907 35.6782609
1588 139.7708391 35.682891
1589 139.781043 35.684367
1590 139.7799072 35.6799767
1591 139.7754819 35.6825151
1592 139.7769796 35.6862843
1593 139.773498 35.6831275
1594 139.7751515 35.6821757
1595 139.772271 35.6829612
1596 139.7709048 35.6737997
1597 139.7750406 35.6819153
1598 139.7814721 35.6829272
1599 139.7629686 35.6731444
1600 139.7630805 35.6849198
1601 139.7732628 35.6825702
1602 139.7785579 35.6832763
1603 139.771956 35.6834321
1604 139.7681842 35.6762594
1605 139.7760628 35.67754
1606 139.7760614 35.6819589
1607 139.775762 35.6821045
1608 139.7766509 35.677298
1609 139.7785961 35.6746149
1610 139.7640452 35.6803198
1611 139.7780813 35.6875227
1612 139.7711307 35.6851642
1613 139.7710515 35.6737027
1614 139.7663424 35.6864064
1615 139.7737122 35.6824814
1616 139.7654571 35.684675
1617 139.7773575 35.675322
1618 139.7696097 35.6725895
1619 139.7754688 35.6765319
1620 139.7642717 35.6817519
1621 139.7700531 35.6740166
1622 139.7675386 35.6752048
1623 139.7765851 35.683529
1624 139.7747008 35.68225
1625 139.7751228 35.6820337
1626 139.7814408 35.6750788
1627 139.7668254 35.6729725
1628 139.7740591 35.6785748
1629 139.7731182 35.6732556
1630 139.7810634 35.6817374
1631 139.7740614 35.6730381
1632 139.7739974 35.6786031
1633 139.7632292 35.6854208
1634 139.7783506 35.679687
1635 139.7651583 35.6776723
1636 139.7799467 35.6794826
1637 139.7724506 35.6765748
1638 139.7708962 35.674252
1639 139.773712 35.6825168
1640 139.7754674 35.679915
1641 139.7731934 35.68465
1642 139.7707969 35.6776683
1643 139.7759024 35.6746577
1644 139.7694304 35.6743084
1645 139.7644713 35.6743859
1646 139.7647372 35.6808229
1647 139.7792684 35.6803334
1648 139.7673674 35.6840259
1649 139.7782654 35.6808885
1650 139.7806104 35.6823821
1651 139.7708048 35.6769229
1652 139.7794703 35.677414
1653 139.7798623 35.680196
1654 139.7636333 35.6862475
1655 139.7639034 35.6736742
1656 139.7737553 35.6787062
1657 139.7760505 35.678297
1658 139.7645911 35.681042
1659 139.7687526 35.6809461
1660 139.7782431 35.6770117
1661 139.7652811 35.6805995
1662 139.7766988 35.6773672
1663 139.7762495 35.6773639
1664 139.7760822 35.6773431
1665 139.7633225 35.6853112
1666 139.7674206 35.6741415
1667 139.7734512 35.6792117
1668 139.771558 35.6737502
1669 139.770766 35.6730546
1670 139.7629162 35.6852929
1671 139.7705842 35.6737926
1672 139.7701426 35.6740474
1673 139.7795329 35.6792129
1674 139.7726216 35.6805925
1675 139.7795704 35.6851587
1676 139.7634637 35.6757072
1677 139.7741678 35.683607
1678 139.7812518 35.6748007
1679 139.7804105 35.6838198
1680 139.7764345 35.6871152
1681 139.7762319 35.6847702
1682 139.7660687 35.686512
1683 139.7649055 35.6743214
1684 139.7720555 35.6804656
1685 139.7710619 35.6755327
1686 139.7660703 35.6823096
1687 139.767665 35.6738217
1688 139.7798035 35.6796501
1689 139.7688706 35.6731463
1690 139.765321 35.6778758
1691 139.7793791 35.6802554
1692 139.7759315 35.6814802
1693 139.780339 35.6852932
1694 139.7811003 35.6857784
1695 139.7699985 35.6740439
1696 139.7797544 35.6795778
1697 139.7702844 35.6854661
1698 139.7771687 35.6778223
1699 139.7673039 35.6752181
1700 139.7758438 35.6745816
1701 139.7801563 35.6752825
1702 139.7765023 35.6741418
1703 139.7785796 35.6732681
1704 139.7727382 35.6821813
1705 139.7648955 35.6826114
1706 139.7757387 35.6859137
1707 139.7803711 35.6797964
1708 139.7719723 35.675338
1709 139.7600687 35.6829065
1710 139.7769649 35.6855968
1711 139.7678612 35.6738328
1712 139.7691861 35.6804167
1713 139.7767417 35.6741377
1714 139.7810153 35.6752188
1715 139.7727423 35.6793732
1716 139.7637258 35.6869395
1717 139.7813777 35.6751148
1718 139.7784338 35.6808003
1719 139.76666 35.6745487
1720 139.7818852 35.6790886
1721 139.7758182 35.6852647
1722 139.7756047 35.6816789
1723 139.7703887 35.682077
1724 139.7655293 35.6820337
1725 139.7781777 35.6764754
1726 139.7793657 35.6784101
1727 139.7704643 35.6797082
1728 139.7773516 35.6788533
1729 139.7692189 35.6837448
1730 139.7638568 35.6833684
1731 139.7726503 35.6859533
1732 139.7770618 35.6823505
1733 139.7642437 35.6804259
1734 139.7644251 35.6803885
1735 139.7811572 35.6817011
1736 139.76784 35.6738109
1737 139.7697637 35.6840251
1738 139.7694137 35.6800292
1739 139.7704158 35.6870555
1740 139.7666178 35.6766169
1741 139.7738307 35.6788278
1742 139.7656106 35.6822196
1743 139.765376 35.6789102
1744 139.7780867 35.6826462
1745 139.7746371 35.680713
1746 139.7819748 35.6746128
1747 139.7644116 35.6735107
1748 139.7730325 35.6827457
1749 139.7730339 35.684644
1750 139.7789923 35.6767723
1751 139.7744038 35.6852788
1752 139.7657718 35.6827055
1753 139.7732713 35.6828547
1754 139.7642357 35.6805358
1755 139.7658371 35.675098
1756 139.7651783 35.6809256
1757 139.7757838 35.6847872
1758 139.7801655 35.6740707
1759 139.7744192 35.6761289
1760 139.7717039 35.6801891
1761 139.7715537 35.6745152
1762 139.7731736 35.6772623
1763 139.7698728 35.6775206
1764 139.763821 35.6852064
1765 139.7750114 35.6818687
1766 139.7745303 35.6811058
1767 139.776914 35.6743715
1768 139.7738131 35.6905129
1769 139.7766576 35.6747078
1770 139.7668037 35.6730422
1771 139.7802072 35.6837371
1772 139.7652041 35.6778023
1773 139.776824 35.6740964
1774 139.7813549 35.6749582
1775 139.7803536 35.6758477
1776 139.7660672 35.6860011
1777 139.771651 35.6880762
1778 139.7730361 35.6796299
1779 139.7766943 35.6783069
1780 139.7710997 35.6755834
1781 139.7676534 35.67386
1782 139.7780375 35.6780187
1783 139.7719092 35.6831215
1784 139.7759497 35.6816572
1785 139.7660279 35.6864004
1786 139.7742287 35.674576
1787 139.7806661 35.6848138
1788 139.778755 35.6791346
1789 139.7760874 35.6835173
1790 139.7655681 35.6751036
1791 139.7647706 35.6813547
1792 139.7747955 35.6845645
1793 139.7759332 35.6747095
1794 139.7662654 35.68621
1795 139.7680523 35.6759519
1796 139.7639935 35.6751722
1797 139.7662256 35.674906
1798 139.7736662 35.6826742
1799 139.7707798 35.6879016
1800 139.7752942 35.6754019
1801 139.7771113 35.6765716
1802 139.77475 35.6844152
1803 139.7710585 35.6781034
1804 139.7776947 35.6786604
1805 139.781391 35.6871854
1806 139.7634784 35.6781416
1807 139.7821408 35.6733474
1808 139.7743608 35.6870455
1809 139.766103 35.6827425
1810 139.765594 35.6822
1811 139.7629102 35.67573
1812 139.7768183 35.6785027
1813 139.7627025 35.6758735
1814 139.7737831 35.6865955
1815 139.7780803 35.6765079
1816 139.7727733 35.6767984
1817 139.7792533 35.6812632
1818 139.7743053 35.6747396
1819 139.7808729 35.676183
1820 139.776221 35.6822141
1821 139.7732918 35.6825804
1822 139.7767254 35.6838807
1823 139.7698861 35.6843487
1824 139.7653866 35.6779405
1825 139.7777563 35.6809719
1826 139.7739155 35.6835075
1827 139.7656039 35.6737367
1828 139.7698017 35.6726896
1829 139.7725126 35.6858381
1830 139.766463 35.6732901
1831 139.7686183 35.6846541
1832 139.7679984 35.6783719
1833 139.762897 35.6739553
1834 139.7635121 35.6822566
1835 139.7803107 35.6798717
1836 139.7741361 35.6800891
1837 139.7665293 35.6746546
1838 139.7820722 35.6844038
1839 139.7800176 35.6859137
1840 139.7801214 35.6801646
1841 139.7793277 35.6788951
1842 139.7737148 35.6816827
1843 139.7687654 35.6840598
1844 139.7691336 35.675427
1845 139.7740761 35.6863116
1846 139.7673718 35.6774025
1847 139.7641721 35.6806654
1848 139.7721144 35.6754228
1849 139.7654297 35.6809504
1850 139.7745562 35.6746857
1851 139.7758682 35.6779999
1852 139.7651396 35.6753499
1853 139.7796227 35.6761664
1854 139.7670205 35.6773059
1855 139.7721286 35.6870419
1856 139.7701174 35.6836384
1857 139.7779562 35.6765493
1858 139.7774969 35.6753362
1859 139.7711704 35.6842292
1860 139.7637462 35.67568
1861 139.7745652 35.6794035
1862 139.7788769 35.6815968
1863 139.7772827 35.676844
1864 139.7720482 35.6818377
1865 139.7644043 35.6753627
1866 139.7775546 35.6821317
1867 139.7711824 35.685091
1868 139.7702124 35.6796977
1869 139.7656244 35.6849585
1870 139.7778943 35.6836954
1871 139.7727605 35.6770759
1872 139.7798331 35.6795488
1873 139.7767064 35.6744419
1874 139.7748539 35.674674
1875 139.7641222 35.6880541
1876 139.777852 35.6710795
1877 139.7628331 35.6840646
1878 139.7666939 35.6770886
1879 139.7725248 35.6766914
1880 139.7769154 35.6807447
1881 139.7625066 35.6821549
1882 139.7746867 35.6803177
1883 139.7787173 35.6746833
1884 139.7749496 35.6819532
1885 139.7633575 35.6757632
1886 139.7719503 35.682266
1887 139.7719123 35.675121
1888 139.7773268 35.6755141
1889 139.7621368 35.674081
1890 139.7810824 35.6767095
1891 139.7718213 35.6806546
1892 139.7783167 35.6793295
1893 139.7662038 35.6862209
1894 139.7709825 35.6842724
1895 139.7786263 35.6833548
1896 139.7753454 35.6760584
1897 139.76509 35.6809669
1898 139.7814107 35.6871966
1899 139.780578 35.6756027
1900 139.7761971 35.6848505
1901 139.7657767 35.6751899
1902 139.7700869 35.6808536
1903 139.765024 35.6743483
1904 139.7645198 35.6743629
1905 139.7749835 35.6757582
1906 139.7733608 35.6822249
1907 139.7645964 35.6805641
1908 139.7735944 35.6870394
1909 139.7717847 35.6749603
1910 139.7663542 35.6872975
1911 139.776555 35.6815411
1912 139.767057 35.6744029
1913 139.7644607 35.6823133
1914 139.7753099 35.6795368
1915 139.7654958 35.6822824
1916 139.7783349 35.6784539
1917 139.7795769 35.6821646
1918 139.7747586 35.6860749
1919 139.7715151 35.6736807
1920 139.7759652 35.6773909
1921 139.7744823 35.6835127
1922 139.7733883 35.6873267
1923 139.7744541 35.6889715
1924 139.7764113 35.675461
1925 139.7647518 35.6828431
1926 139.7762653 35.6827373
1927 139.7648861 35.6805038
1928 139.7622407 35.6781876
1929 139.7779738 35.6802824
1930 139.7673663 35.6746477
1931 139.764115 35.6868706
1932 139.769105 35.6802862
1933 139.7772177 35.6825995
1934 139.7728166 35.6850846
1935 139.780547 35.6881833
1936 139.7736593 35.6752701
1937 139.7639263 35.6791631
1938 139.7748382 35.6806295
1939 139.7677584 35.6750752
1940 139.7644792 35.6820209
1941 139.7682812 35.6862699
1942 139.7636872 35.6780964
1943 139.7656068 35.6789614
1944 139.7636903 35.6860835
1945 139.7716566 35.679031
1946 139.7713518 35.6756917
1947 139.7812358 35.6750961
1948 139.7629253 35.6739995
1949 139.7638708 35.6833757
1950 139.7690288 35.674815
1951 139.7748481 35.6798665
1952 139.7643872 35.6815473
1953 139.7669785 35.6767701
1954 139.7717484 35.6754356
1955 139.7639285 35.6752236
1956 139.7786053 35.6741097
1957 139.7659137 35.6826291
1958 139.7785582 35.6741104
1959 139.7649505 35.6743866
1960 139.7740673 35.6825201
1961 139.772235 35.6746513
1962 139.7667331 35.6771987
1963 139.7662931 35.6749406
1964 139.780677 35.6872711
1965 139.7732891 35.6874936
1966 139.7699965 35.6755408
1967 139.7768887 35.6822147
1968 139.7845355 35.6878048
1969 139.7692497 35.6820151
1970 139.7705519 35.6731666
1971 139.7745187 35.6746194
1972 139.7826668 35.683805
1973 139.7719938 35.6759929
1974 139.7651415 35.6874214
1975 139.7742186 35.6859765
1976 139.7635987 35.6780137
1977 139.7754665 35.6868145
1978 139.7769112 35.6870094
1979 139.7813562 35.6815853
1980 139.7677397 35.6739485
1981 139.7725582 35.6828299
1982 139.7634169 35.6817502
1983 139.7793853 35.6820825
1984 139.7741301 35.6741933
1985 139.7665637 35.6746855
1986 139.7771202 35.674778
1987 139.7694863 35.6806992
1988 139.763637 35.6757117
1989 139.7714345 35.6848972
1990 139.7630588 35.6853397
1991 139.7753381 35.6819863
1992 139.7729338 35.6796729
1993 139.7731567 35.6787501
1994 139.7802294 35.6854549
1995 139.7618555 35.6808881
1996 139.7638686 35.6869299
1997 139.7651639 35.686666
1998 139.7690493 35.6822074
1999 139.7766489 35.6849804
2000 139.7804002 35.6747556
2001 139.7761219 35.6814076
2002 139.7757746 35.6802611
2003 139.7762998 35.677528
2004 139.7695095 35.6802936
2005 139.7736156 35.6888205
2006 139.7731175 35.6850291
2007 139.777678 35.6820769
2008 139.7740066 35.6836522
2009 139.7740772 35.6816705
2010 139.7789425 35.6782702
2011 139.7772798 35.6750363
2012 139.7761844 35.6809223
2013 139.7747635 35.6772065
2014 139.7757481 35.6819027
2015 139.7686931 35.6837919
2016 139.7702742 35.6797881
2017 139.7644627 35.6753683
2018 139.7675789 35.6782222
2019 139.7712123 35.6741275
2020 139.7772119 35.6848083
2021 139.7728977 35.6785872
2022 139.7708222 35.673823
2023 139.7747638 35.6803281
2024 139.7660368 35.6865566
2025 139.7714286 35.6842696
2026 139.7712249 35.675648
2027 139.763682 35.6867941
2028 139.7807582 35.6860348
2029 139.7669517 35.6771892
2030 139.7714482 35.6792992
2031 139.7774024 35.6754005
2032 139.7694358 35.6778015
2033 139.7666431 35.6747209
2034 139.7731675 35.6798359
2035 139.7666813 35.6772293
2036 139.7706475 35.681973
2037 139.7701831 35.6825492
2038 139.7736013 35.6827253
2039 139.775841 35.6771091
2040 139.7675105 35.6751535
2041 139.7758763 35.6790011
2042 139.7761344 35.6808393
2043 139.7709187 35.6736999
2044 139.7764592 35.6813422
2045 139.7778516 35.6765841
2046 139.7869009 35.687078
2047 139.7787184 35.6823743
2048 139.7777279 35.6787128
2049 139.7710991 35.6817916
2050 139.7628311 35.6855297
2051 139.7761854 35.678517
2052 139.7644826 35.6753688
2053 139.7724842 35.6750295
2054 139.7759087 35.6823396
2055 139.7742542 35.6790474
2056 139.7731587 35.6850095
2057 139.7768209 35.6819658
2058 139.7753539 35.6846322
2059 139.7765835 35.6835879
2060 139.7775088 35.6805099
2061 139.7784222 35.680663
2062 139.7744294 35.6799702
2063 139.7794983 35.6802509
2064 139.7720584 35.6817776
2065 139.7645274 35.6777868
2066 139.7752439 35.6824518
2067 139.7803494 35.6822395
2068 139.7632781 35.6744239
2069 139.7794479 35.6863187
2070 139.7791389 35.6803887
2071 139.773968 35.6823124
2072 139.7688153 35.6731896
2073 139.7680087 35.6785599
2074 139.7805996 35.6795697
2075 139.7730476 35.6826557
2076 139.7670235 35.6783804
2077 139.7730235 35.6785361
2078 139.7728883 35.6833263
2079 139.7633124 35.6862958
2080 139.7671625 35.6753223
2081 139.7780015 35.6766248
2082 139.7711561 35.6756761
2083 139.7753535 35.6820185
2084 139.7634649 35.6794001
2085 139.7806252 35.6835431
2086 139.7652831 35.6777745
2087 139.7686542 35.6733064
2088 139.7810547 35.6858349
2089 139.7728423 35.6839346
2090 139.764833 35.6775502
2091 139.778606 35.674155
2092 139.7773438 35.6815341
2093 139.7704185 35.6770793
2094 139.7776672 35.6786157
2095 139.7762357 35.6826908
2096 139.773745 35.6825041
2097 139.7656447 35.6821724
2098 139.7672897 35.6791393
2099 139.7666705 35.6765914
2100 139.7780524 35.6808045
2101 139.7634089 35.6779341
2102 139.7753261 35.6835013
2103 139.7680953 35.6785222
2104 139.7733829 35.6819884
2105 139.7638898 35.6831954
2106 139.7748953 35.68448
2107 139.7656934 35.673677
2108 139.7662873 35.677584
2109 139.7728879 35.6838305
2110 139.7731008 35.6787733
2111 139.7656237 35.6811152
2112 139.7763665 35.6811993
2113 139.7736597 35.6825369
2114 139.7685142 35.6767771
2115 139.763382 35.6781638
2116 139.7748464 35.6846164
2117 139.7808278 35.6834109
2118 139.7709803 35.6755685
2119 139.7636072 35.6870538
2120 139.7675059 35.6843406
2121 139.7662227 35.6825622
2122 139.769974 35.681956
2123 139.778155 35.6782047
2124 139.7710919 35.6872729
2125 139.7727165 35.6858341
2126 139.7633816 35.6819632
2127 139.7744966 35.6836805
2128 139.7776961 35.6746853
2129 139.7701564 35.675477
2130 139.7707411 35.6738472
2131 139.7784664 35.6751861
2132 139.7787734 35.6803789
2133 139.7676847 35.6735974
2134 139.7743575 35.6741883
2135 139.7752022 35.6820801
2136 139.7752278 35.6804866
2137 139.7663781 35.6865716
2138 139.7751196 35.6818811
2139 139.768561 35.6732927
2140 139.763018 35.6855363
2141 139.7773219 35.6788044
2142 139.7774833 35.685742
2143 139.7757964 35.680428
2144 139.762968 35.6857775
2145 139.7688762 35.6802732
2146 139.7747161 35.6844229
2147 139.7744633 35.6834842
2148 139.7759793 35.6859893
2149 139.7745676 35.6768922
2150 139.7742543 35.6746308
2151 139.7795164 35.6820384
2152 139.7677428 35.6739201
2153 139.7698317 35.6817564
2154 139.7637801 35.6867765
2155 139.7676718 35.6754599
2156 139.7730365 35.6788009
2157 139.7618915 35.67713
2158 139.7728423 35.6837538
2159 139.7639963 35.6832593
2160 139.7697911 35.6814131
2161 139.7800385 35.6812637
2162 139.7778397 35.6835929
2163 139.7731599 35.678869
2164 139.7744278 35.6746907
2165 139.7755564 35.68186
2166 139.7755297 35.6764777
2167 139.7769975 35.6850041
2168 139.7706482 35.680202
2169 139.7633309 35.6756362
2170 139.7755358 35.6798857
2171 139.7812735 35.6828694
2172 139.7715269 35.6851915
2173 139.7618658 35.6871864
2174 139.7777925 35.6850001
2175 139.7716898 35.6765647
2176 139.7721003 35.687111
2177 139.7803167 35.683881
2178 139.769082 35.6805993
2179 139.7725296 35.6857904
2180 139.7686958 35.6796582
2181 139.7765508 35.6861687
2182 139.7741288 35.677688
2183 139.7753773 35.6867871
2184 139.7746584 35.6837417
2185 139.7673663 35.6772499
2186 139.7638091 35.6747946
2187 139.779573 35.6790985
2188 139.7739472 35.6801656
2189 139.7683058 35.679367
2190 139.7715164 35.6753344
2191 139.779911 35.6744626
2192 139.7733457 35.6784122
2193 139.7745763 35.686529
2194 139.7711178 35.6755035
2195 139.7706277 35.6778467
2196 139.7673091 35.6746732
2197 139.7646514 35.6850062
2198 139.7681864 35.6795988
2199 139.7717357 35.6755862
2200 139.7711425 35.6746523
2201 139.7762632 35.6856447
2202 139.7781028 35.687474
2203 139.7778033 35.674875
2204 139.774922 35.6819051
2205 139.7629298 35.6758247
2206 139.7643941 35.6744205
2207 139.7737144 35.6788753
2208 139.7651372 35.6831127
2209 139.7840496 35.6843435
2210 139.7685854 35.6807719
2211 139.7647284 35.6818702
2212 139.7768502 35.6870019
2213 139.7782771 35.6807611
2214 139.7789177 35.6887228
2215 139.776486 35.6832686
2216 139.7644658 35.6849555
2217 139.7638553 35.6868122
2218 139.7739837 35.6825425
2219 139.7809568 35.6825033
2220 139.7729614 35.6838142
2221 139.7779546 35.6812896
2222 139.7681733 35.6734902
2223 139.7782841 35.6818368
2224 139.7691723 35.6745119
2225 139.7721733 35.6799976
2226 139.7726867 35.6806932
2227 139.7698046 35.6875231
2228 139.7651966 35.6742705
2229 139.7832461 35.6790478
2230 139.7730529 35.6850902
2231 139.7676267 35.684521
2232 139.7776787 35.6807949
2233 139.7809599 35.6857945
2234 139.7642818 35.6778393
2235 139.7712553 35.677601
2236 139.7813983 35.6840307
2237 139.7656616 35.6759999
2238 139.7719207 35.6758765
2239 139.7712128 35.675454
2240 139.7636568 35.6746478
2241 139.7791623 35.6797957
2242 139.7660828 35.6734303
2243 139.776765 35.6745718
2244 139.7724947 35.6858885
2245 139.7672645 35.6770888
2246 139.7719487 35.6833658
2247 139.7652545 35.6830854
2248 139.7673824 35.6806716
2249 139.7740817 35.6784355
2250 139.7805053 35.6745936
2251 139.7752024 35.6820013
2252 139.7744941 35.6794334
2253 139.7712586 35.6836331
2254 139.7686566 35.6732023
2255 139.7637068 35.6792107
2256 139.7668096 35.6770451
2257 139.7765815 35.6745221
2258 139.7710091 35.6736741
2259 139.7677582 35.6750191
2260 139.7734881 35.6873452
2261 139.7742663 35.6844702
2262 139.7667173 35.6740358
2263 139.7662889 35.6863692
2264 139.7656431 35.6810555
2265 139.7733428 35.6820052
2266 139.7694278 35.6762154
2267 139.7741442 35.683549
2268 139.7759938 35.6869164
2269 139.7772105 35.6836832
2270 139.7796557 35.6745985
2271 139.7674364 35.6741307
2272 139.7662463 35.6758552
2273 139.7703794 35.6744429
2274 139.7716421 35.6802141
2275 139.7785401 35.6772289
2276 139.7744142 35.6845285
2277 139.7698464 35.676034
2278 139.776427 35.6812913
2279 139.783435 35.6724716
2280 139.7689172 35.6805293
2281 139.7640325 35.67514
2282 139.7625658 35.6730488
2283 139.7812748 35.6768309
2284 139.7746971 35.6846266
2285 139.7647418 35.6814552
2286 139.7784053 35.6772804
2287 139.7779217 35.6836957
2288 139.7784328 35.6848354
2289 139.7789511 35.6804796
2290 139.7782667 35.6768047
2291 139.768758 35.6807861
2292 139.7667032 35.6745867
2293 139.7711169 35.6757902
2294 139.7685688 35.6747237
2295 139.7753992 35.6858072
2296 139.7781608 35.680884
2297 139.7765416 35.6756646
2298 139.7813473 35.6839212
2299 139.7633029 35.6851081
2300 139.7806071 35.6824615
2301 139.7686012 35.6733359
2302 139.7646793 35.6813027
2303 139.7802297 35.6799503
2304 139.7649829 35.68038
2305 139.7659078 35.6814167
2306 139.7717638 35.6875842
2307 139.7811041 35.6816046
2308 139.7835774 35.6793915
2309 139.7791163 35.6752983
2310 139.7688735 35.6806677
2311 139.7673237 35.6791869
2312 139.7662446 35.6774526
2313 139.7812163 35.6866389
2314 139.7787578 35.6764726
2315 139.7658837 35.6751542
2316 139.7718455 35.6791231
2317 139.7743698 35.6845361
2318 139.7662459 35.6749406
2319 139.7669235 35.6742327
2320 139.77159 35.6774672
2321 139.7672907 35.6741127
2322 139.7759094 35.681716
2323 139.7687739 35.6746264
2324 139.7771595 35.6835543
2325 139.7625701 35.6750104
2326 139.7683266 35.6863939
2327 139.7638379 35.6779304
2328 139.7641698 35.6733358
2329 139.7730873 35.6732602
2330 139.7776659 35.6746345
2331 139.780343 35.6870648
2332 139.7813702 35.6838918
2333 139.7642995 35.6776599
2334 139.7699677 35.6763302
2335 139.7666555 35.6764603
2336 139.7721349 35.6772486
2337 139.7792608 35.6799556
2338 139.7715392 35.6737409
2339 139.7747535 35.6836658
2340 139.7808826 35.685758
2341 139.7721799 35.6870565
2342 139.7748168 35.6819704
2343 139.7775469 35.6797766
2344 139.7692237 35.6802349
2345 139.7788972 35.6776483
2346 139.7631264 35.6855187
2347 139.7694369 35.6804603
2348 139.770274 35.6853743
2349 139.7693075 35.6803705
2350 139.7715562 35.675398
2351 139.7800147 35.6800032
2352 139.7770222 35.6836044
2353 139.7707157 35.6790929
2354 139.7713087 35.6850719
2355 139.7641856 35.6802563
2356 139.7734053 35.6837145
2357 139.777255 35.6813941
2358 139.7706599 35.679808
2359 139.7685626 35.6803698
2360 139.7680248 35.6792458
2361 139.7722529 35.6756463
2362 139.76092 35.6786056
2363 139.7806586 35.6756589
2364 139.7694773 35.6783112
2365 139.7694416 35.673189
2366 139.7665598 35.6777166
2367 139.7810931 35.6856412
2368 139.7771549 35.6826263
2369 139.7745044 35.6852914
2370 139.7787735 35.6849621
2371 139.7635576 35.6779022
2372 139.7727009 35.6858929
2373 139.7634035 35.674791
2374 139.7650991 35.6804289
2375 139.772455 35.67887
2376 139.7709807 35.6742209
2377 139.7715922 35.6795318
2378 139.7767005 35.6786621
2379 139.7611033 35.6856397
2380 139.7766923 35.6855082
2381 139.7794631 35.6822426
2382 139.769684 35.6800393
2383 139.7795442 35.6803247
2384 139.7731084 35.6846268
2385 139.7645194 35.6823003
2386 139.7778271 35.6799111
2387 139.7711211 35.6804241
2388 139.7788291 35.6848893
2389 139.7655185 35.6789801
2390 139.7743895 35.6764358
2391 139.7667856 35.681518
2392 139.7637489 35.6870303
2393 139.7783764 35.6825215
2394 139.7636602 35.6748399
2395 139.7814239 35.6839155
2396 139.7656257 35.6748426
2397 139.7634745 35.6822576
2398 139.7697138 35.6828011
2399 139.7810258 35.6816491
2400 139.7644145 35.6731919
2401 139.7727176 35.6834388
2402 139.7725688 35.6788246
2403 139.7763173 35.6876617
2404 139.7702192 35.6817664
2405 139.7743418 35.6846351
2406 139.7808671 35.6757058
2407 139.7809299 35.6856967
2408 139.7718061 35.6790589
2409 139.7660623 35.6828074
2410 139.7639174 35.6780466
2411 139.7797739 35.6760814
2412 139.7703449 35.6769801
2413 139.7634796 35.6819417
2414 139.7752965 35.6779364
2415 139.7800289 35.6794487
2416 139.7804807 35.68278
2417 139.7709166 35.681481
2418 139.7678099 35.6799772
2419 139.7797792 35.684096
2420 139.7637087 35.6868809
2421 139.7746721 35.6786311
2422 139.763453 35.6868352
2423 139.7761419 35.678535
2424 139.7664329 35.6733106
2425 139.7758324 35.6815866
2426 139.7695246 35.6804504
2427 139.7662115 35.6866485
2428 139.780713 35.6805866
2429 139.7777071 35.6762278
2430 139.7679573 35.6789279
2431 139.7689725 35.6862888
2432 139.7714762 35.6745429
2433 139.773533 35.6787119
2434 139.7785223 35.6832935
2435 139.7758273 35.6895365
2436 139.7644454 35.6806116
2437 139.7650684 35.6752418
2438 139.7753975 35.679797
2439 139.7745547 35.6834618
2440 139.7760793 35.6817282
2441 139.7643652 35.6820671
2442 139.7718215 35.6801415
2443 139.7678361 35.6737256
2444 139.7730977 35.6733471
2445 139.7797758 35.6782394
2446 139.7702412 35.6825293
2447 139.7651388 35.6741462
2448 139.7723817 35.6750248
2449 139.7733232 35.6790401
2450 139.7627796 35.6840791
2451 139.7737569 35.6866569
2452 139.7755394 35.6846566
2453 139.7694941 35.6742937
2454 139.7650774 35.6803603
2455 139.7802845 35.6853731
2456 139.7663194 35.6777798
2457 139.7761642 35.673363
2458 139.7715724 35.6735718
2459 139.7616875 35.6873531
2460 139.7640345 35.6802891
2461 139.7748366 35.6819398
2462 139.7637879 35.6783907
2463 139.7785805 35.6748703
2464 139.7630467 35.6806244
2465 139.7840045 35.6884206
2466 139.7659052 35.6848946
2467 139.7750816 35.6792799
2468 139.7699224 35.6816092
2469 139.7637194 35.6792512
2470 139.7770756 35.6789047
2471 139.7726905 35.685932
2472 139.7818652 35.6763817
2473 139.7780448 35.676282
2474 139.7803125 35.6800826
2475 139.7697002 35.6817128
2476 139.7712796 35.6757217
2477 139.7670192 35.6743665
2478 139.7655567 35.6752671
2479 139.7648 35.6816595
2480 139.7749328 35.6856608
2481 139.7685374 35.6804764
2482 139.7805956 35.6867788
2483 139.7657245 35.6768088
2484 139.7630202 35.6748472
2485 139.7764893 35.6826428
2486 139.7809607 35.6796794
2487 139.7658314 35.6752076
2488 139.7722864 35.6839155
2489 139.7713816 35.6852182
2490 139.7644129 35.6754511
2491 139.7661745 35.6864838
2492 139.7650976 35.6828864
2493 139.765465 35.6751323
2494 139.7746673 35.6820299
2495 139.777402 35.676876
2496 139.7643066 35.6800404
2497 139.7658546 35.682739
2498 139.777111 35.6810881
2499 139.7635469 35.6755768
2500 139.7746029 35.6806555
2501 139.7748049 35.6844551
2502 139.7676726 35.6744361
2503 139.7629326 35.678621
2504 139.7639307 35.673723
2505 139.773719 35.6868468
2506 139.7730193 35.6849511
2507 139.7645466 35.681328
2508 139.7782085 35.6850076
2509 139.7671045 35.6752182
2510 139.771172 35.6827589
2511 139.7718564 35.6831426
2512 139.7735108 35.6831493
2513 139.7764454 35.6869961
2514 139.7740832 35.675107
2515 139.7799422 35.6745286
2516 139.7633218 35.6756563
2517 139.7727902 35.6837678
2518 139.7649078 35.6866352
2519 139.7798555 35.6761561
2520 139.7793207 35.6819188
2521 139.7791095 35.6851327
2522 139.7727042 35.6762146
2523 139.7777367 35.6763267
2524 139.7646663 35.6814058
2525 139.7781697 35.6793949
2526 139.7738816 35.6772926
2527 139.7807847 35.6747136
2528 139.7778326 35.6746844
2529 139.7647737 35.6816855
2530 139.7767643 35.6747706
2531 139.7747792 35.680654
2532 139.7770443 35.6747764
2533 139.7762992 35.6821836
2534 139.7694905 35.6809479
2535 139.7656226 35.6751827
2536 139.7635847 35.6781186
2537 139.762922 35.6851569
2538 139.7701456 35.6837307
2539 139.7703574 35.6855428
2540 139.7773344 35.6771118
2541 139.7632715 35.6850927
2542 139.7772254 35.6769518
2543 139.7805704 35.6822729
2544 139.7684352 35.6840209
2545 139.7744309 35.6848023
2546 139.7638833 35.6875548
2547 139.7730268 35.6848573
2548 139.763076 35.6744604
2549 139.7692398 35.680533
2550 139.7776725 35.6757042
2551 139.7636329 35.6852708
2552 139.7671651 35.6772806
2553 139.7678455 35.6781226
2554 139.7696071 35.6837487
2555 139.7729182 35.6851135
2556 139.7766304 35.6780531
2557 139.7657905 35.6816081
2558 139.7732774 35.6790594
2559 139.7647947 35.6824828
2560 139.7761076 35.6879591
2561 139.7802623 35.6757889
2562 139.7760124 35.67629
2563 139.7712025 35.6757538
2564 139.767691 35.6750372
2565 139.7668772 35.676813
2566 139.763586 35.6869662
2567 139.776216 35.6766073
2568 139.7660241 35.673469
2569 139.781423 35.6852693
2570 139.7663801 35.6760339
2571 139.773418 35.6875415
2572 139.7805677 35.6747913
2573 139.7781807 35.6754974
2574 139.7628533 35.6835916
2575 139.7657862 35.6825039
2576 139.7752521 35.6812947
2577 139.7650909 35.6775734
2578 139.77669 35.6847258
2579 139.7779224 35.6835839
2580 139.7715045 35.6852763
2581 139.7778262 35.6733123
2582 139.775799 35.6767819
2583 139.775418 35.6755999
2584 139.7632156 35.6746619
2585 139.7812998 35.6749966
2586 139.7715422 35.6816144
2587 139.7772004 35.6873295
2588 139.7649735 35.6790982
2589 139.7792351 35.6781049
2590 139.7725266 35.675104
2591 139.771393 35.6792102
2592 139.7814707 35.6839386
2593 139.7702345 35.673274
2594 139.7750891 35.682203
2595 139.7772854 35.6770398
2596 139.7719319 35.683443
2597 139.774688 35.6821764
2598 139.7742529 35.6835246
2599 139.7783421 35.680858
2600 139.7736033 35.6829291
2601 139.772607 35.6858656
2602 139.7705259 35.6798976
2603 139.7754334 35.6823694
2604 139.7803229 35.6797946
2605 139.7700908 35.6741593
2606 139.7731118 35.6800149
2607 139.7775796 35.6773141
2608 139.7763088 35.6753009
2609 139.7640741 35.6804004
2610 139.775477 35.6808682
2611 139.7780461 35.6809299
2612 139.7720432 35.6743406
2613 139.76848 35.6816925
2614 139.7703587 35.6811759
2615 139.7633973 35.6793226
2616 139.7740899 35.6732872
2617 139.7704709 35.6824329
2618 139.7801688 35.6731856
2619 139.7659421 35.6844985
2620 139.765704 35.6826722
2621 139.7629794 35.6769579
2622 139.7760668 35.6808692
2623 139.771707 35.6795464
2624 139.7693029 35.6833838
2625 139.7751267 35.6757037
2626 139.7750318 35.6876011
2627 139.766017 35.6865036
2628 139.7725055 35.6859146
2629 139.763174 35.680697
2630 139.7690676 35.6860386
2631 139.7759961 35.6853143
2632 139.7755801 35.6775481
2633 139.7802437 35.6803676
2634 139.7749755 35.6812382
2635 139.7800673 35.6799896
2636 139.7757838 35.6815083
2637 139.7832155 35.6851205
2638 139.7791774 35.6785036
2639 139.7697502 35.676421
2640 139.7813971 35.6839473
2641 139.7763541 35.6746485
2642 139.7715876 35.6736674
2643 139.7807874 35.6878855
2644 139.7657771 35.6750444
2645 139.7666228 35.6745623
2646 139.7774709 35.6787454
2647 139.765615 35.6753266
2648 139.7754143 35.6816073
2649 139.7777163 35.6808538
2650 139.7774622 35.6769686
2651 139.774604 35.6812201
2652 139.7791093 35.6862136
2653 139.7643537 35.6718199
2654 139.7667453 35.6743251
2655 139.768404 35.6804325
2656 139.7805632 35.6773499
2657 139.7684617 35.6765949
2658 139.7640749 35.6868767
2659 139.7746523 35.6812971
2660 139.7784914 35.6850216
2661 139.7809971 35.6790518
2662 139.778508 35.6729185
2663 139.7650244 35.6827681
2664 139.7654796 35.6820646
2665 139.7697093 35.6840344
2666 139.7677371 35.6738845
2667 139.7674553 35.6836787
2668 139.7697569 35.6817809
2669 139.7639692 35.6737908
2670 139.7664776 35.6760034
2671 139.7694344 35.6818692
2672 139.7729194 35.6773557
2673 139.7819241 35.6777789
2674 139.7642773 35.6850821
2675 139.7724381 35.6828978
2676 139.7648518 35.6828468
2677 139.7766103 35.6828355
2678 139.7644602 35.6804823
2679 139.7673906 35.6845362
2680 139.7734256 35.6875714
2681 139.7637364 35.6866189
2682 139.7799854 35.674476
2683 139.7812897 35.6828504
2684 139.7738312 35.6824296
2685 139.7769823 35.6832795
2686 139.7756627 35.6731956
2687 139.7765863 35.6879097
2688 139.7778945 35.683587
2689 139.772187 35.67467
2690 139.7736136 35.6825545
2691 139.7779221 35.6836448
2692 139.7796087 35.6850691
2693 139.7776043 35.6873326
2694 139.7796943 35.6762559
2695 139.7750237 35.6820731
2696 139.7640069 35.6833508
2697 139.7727306 35.6732842
2698 139.7619443 35.6807947
2699 139.7802088 35.6797176
2700 139.7742935 35.687207
2701 139.7664953 35.6747996
2702 139.7780351 35.6752534
2703 139.7785574 35.6744828
2704 139.7627967 35.6796159
2705 139.7824687 35.6859391
2706 139.7687938 35.6806959
2707 139.7766217 35.6834995
2708 139.7816726 35.6765344
2709 139.7649349 35.682961
2710 139.7730022 35.6771639
2711 139.7807345 35.6756179
2712 139.770465 35.6835635
2713 139.7731626 35.6742154
2714 139.7783208 35.6796388
2715 139.7666981 35.6770627
2716 139.7719087 35.6815349
2717 139.7769076 35.6871401
2718 139.7660344 35.6865178
2719 139.7751659 35.6805122
2720 139.7655984 35.6753032
2721 139.7717769 35.6805823
2722 139.7806246 35.6763651
2723 139.7754617 35.6797697
2724 139.78054 35.6767964
2725 139.7758163 35.6847054
2726 139.7690318 35.6821646
2727 139.7718476 35.6751435
2728 139.7665591 35.6704644
2729 139.7638606 35.6882464
2730 139.7742434 35.6745466
2731 139.7701282 35.6761778
2732 139.7733927 35.6822004
2733 139.7649229 35.6867063
2734 139.7651197 35.6801402
2735 139.7778063 35.6762994
2736 139.7654174 35.6803934
2737 139.7759184 35.6761435
2738 139.7713366 35.6770368
2739 139.766215 35.6775458
2740 139.7790219 35.6780196
2741 139.7706026 35.679936
2742 139.7652321 35.6806513
2743 139.7741055 35.6794435
2744 139.7715246 35.6850392
2745 139.7752414 35.6779607
2746 139.7681482 35.6798851
2747 139.7670051 35.6743106
2748 139.7771504 35.6812151
2749 139.7648953 35.6803758
2750 139.7796695 35.6745336
2751 139.7648179 35.6741985
2752 139.7764936 35.6781112
2753 139.7731794 35.6746706
2754 139.7803414 35.6784781
2755 139.7736284 35.6801264
2756 139.7743348 35.6833595
2757 139.7795343 35.6852414
2758 139.7752059 35.6777792
2759 139.77204 35.6759089
2760 139.7763454 35.6775096
2761 139.7753802 35.6834571
2762 139.7723593 35.676614
2763 139.7797439 35.6806456
2764 139.7671382 35.6835264
2765 139.7745614 35.6749096
2766 139.7779328 35.6865487
2767 139.7740972 35.6862621
2768 139.7635173 35.6862592
2769 139.775972 35.688297
2770 139.7687923 35.6809342
2771 139.7773923 35.675795
2772 139.7678184 35.6818619
2773 139.7716139 35.6754902
2774 139.7649695 35.6805778
2775 139.7673716 35.6842189
2776 139.7732391 35.6772366
2777 139.7713147 35.6842015
2778 139.7756472 35.6730116
2779 139.7732117 35.6747331
2780 139.7765824 35.6836391
2781 139.7780516 35.6834903
2782 139.781228 35.6829288
2783 139.7629561 35.6807192
2784 139.7808958 35.682827
2785 139.771725 35.6739584
2786 139.7640562 35.6780166
2787 139.7673563 35.674133
2788 139.7726485 35.6762822
2789 139.771228 35.6852471
2790 139.7727226 35.6793423
2791 139.770792 35.6834258
2792 139.7747605 35.6846224
2793 139.7648871 35.6741617
2794 139.7821733 35.6775464
2795 139.7779163 35.6803457
2796 139.775999 35.6823019
2797 139.7751996 35.6761136
2798 139.7722728 35.6758136
2799 139.7818744 35.6833841
2800 139.7741912 35.6854247
2801 139.7803067 35.6803107
2802 139.7783682 35.6805974
2803 139.7715137 35.6848847
2804 139.7627144 35.6835273
2805 139.7713656 35.6840898
2806 139.7742518 35.6732773
2807 139.7747913 35.684668
2808 139.7633956 35.6869741
2809 139.769536 35.6818751
2810 139.7785005 35.6876393
2811 139.7733191 35.6874303
2812 139.7745744 35.6838421
2813 139.770151 35.6808267
2814 139.7741229 35.6859643
2815 139.7768723 35.6744436
2816 139.7692015 35.6832783
2817 139.7714331 35.6852554
2818 139.7804299 35.679974
2819 139.7695951 35.6791842
2820 139.7697946 35.6742092
2821 139.7743031 35.6851337
2822 139.7700043 35.6875478
2823 139.7684389 35.6862914
2824 139.7705109 35.6799765
2825 139.7774002 35.6792518
2826 139.7763017 35.6774432
2827 139.7646066 35.6821047
2828 139.7796036 35.6791838
2829 139.778428 35.6745041
2830 139.7665862 35.6745884
2831 139.77686 35.6775998
2832 139.7806304 35.6822793
2833 139.7685456 35.6846727
2834 139.7649914 35.6831317
2835 139.7751409 35.6778042
2836 139.7770981 35.67452
2837 139.7728289 35.6755946
2838 139.7777934 35.6810314
2839 139.7743289 35.6838807
2840 139.7728334 35.6770504
2841 139.7748147 35.6787287
2842 139.7647466 35.672931
2843 139.778142 35.6740835
2844 139.7625207 35.6786941
2845 139.7808496 35.6746381
2846 139.7804878 35.6748858
2847 139.7772197 35.6872859
2848 139.7714011 35.6841819
2849 139.7718875 35.6777715
2850 139.7767944 35.6746436
2851 139.7725951 35.6766545
2852 139.7752437 35.6770167
2853 139.7714686 35.6736188
2854 139.7784923 35.6849203
2855 139.7725712 35.6857741
2856 139.7709661 35.6856288
2857 139.765689 35.6813083
2858 139.7722964 35.6803644
2859 139.769108 35.6861468
2860 139.7808316 35.6835238
2861 139.775287 35.674564
2862 139.7812728 35.6773779
2863 139.77137 35.6750109
2864 139.7651179 35.6811258
2865 139.7645068 35.6819195
2866 139.7597795 35.6680919
2867 139.769612 35.6800817
2868 139.7739648 35.6864825
2869 139.7705792 35.6746675
2870 139.7701926 35.6741123
2871 139.7766646 35.6817162
2872 139.7634552 35.6756679
2873 139.7738346 35.6868798
2874 139.770459 35.6798913
2875 139.7760645 35.6793028
2876 139.7747764 35.6814946
2877 139.7819923 35.6752452
2878 139.7712035 35.6855554
2879 139.7727119 35.682144
2880 139.7677539 35.678159
2881 139.777942 35.6806893
2882 139.7722154 35.676352
2883 139.7675971 35.6777419
2884 139.7812596 35.68304
2885 139.7758909 35.6810411
2886 139.7665588 35.6886939
2887 139.7781454 35.6884771
2888 139.7718069 35.6797157
2889 139.7641463 35.6891953
2890 139.7676875 35.6841606
2891 139.7635602 35.6819244
2892 139.774583 35.6747331
2893 139.7744841 35.6844753
2894 139.770557 35.686975
2895 139.765109 35.6778263
2896 139.7788159 35.6776816
2897 139.7637889 35.679434
2898 139.7765092 35.6733764
2899 139.7773454 35.6750091
2900 139.7720218 35.6752134
2901 139.7681998 35.6749414
2902 139.7626949 35.6795633
2903 139.7778326 35.6747628
2904 139.7726972 35.685803
2905 139.773263 35.6875487
2906 139.774575 35.6759219
2907 139.7723086 35.6784224
2908 139.7740287 35.6791469
2909 139.7736518 35.6887213
2910 139.7716491 35.6851026
2911 139.7737545 35.6870677
2912 139.77255 35.6809184
2913 139.7731544 35.6832645
2914 139.7644931 35.6755011
2915 139.778605 35.674551
2916 139.7815633 35.6751115
2917 139.77418 35.6801619
2918 139.7771314 35.6850204
2919 139.7698601 35.6874623
2920 139.7649735 35.682568
2921 139.7670864 35.6743824
2922 139.7808801 35.6771292
2923 139.7773237 35.6792857
2924 139.771336 35.6855595
2925 139.7747201 35.6837765
2926 139.7804094 35.6774609
2927 139.7705765 35.6777599
2928 139.7724562 35.6749871
2929 139.7754106 35.6772804
2930 139.7636895 35.6756936
2931 139.7721874 35.6870787
2932 139.7750843 35.6803836
2933 139.7816733 35.6861343
2934 139.7728777 35.6814356
2935 139.7660295 35.686567
2936 139.770408 35.6796183
2937 139.7782631 35.6783803
2938 139.7742986 35.6837343
2939 139.7628367 35.6807764
2940 139.7785921 35.6746828
2941 139.7729396 35.6769058
2942 139.7644467 35.6817325
2943 139.7766214 35.6744812
2944 139.7642471 35.6732903
2945 139.7721485 35.6871778
2946 139.7664271 35.6732562
2947 139.7638666 35.6868551
2948 139.7737448 35.6788624
2949 139.7673829 35.6741764
2950 139.7680512 35.6843218
2951 139.7814471 35.6751787
2952 139.7657701 35.6845666
2953 139.7813185 35.6750461
2954 139.7689375 35.6853736
2955 139.7766238 35.681651
2956 139.7768729 35.6747729
2957 139.7720265 35.6796397
2958 139.770087 35.6818205
2959 139.7764924 35.6790837
2960 139.7771894 35.6849939
2961 139.7643786 35.6817281
2962 139.774528 35.6800636
2963 139.7650582 35.6807481
2964 139.7704767 35.6878028
2965 139.7738176 35.6781707
2966 139.768884 35.6731359
2967 139.770457 35.6771408
2968 139.7711911 35.6793738
2969 139.7765867 35.6866215
2970 139.7693879 35.6777189
2971 139.764662 35.6851522
2972 139.763623 35.6821149
2973 139.7753765 35.6796421
2974 139.7643474 35.6814232
2975 139.7760107 35.6773723
2976 139.7701627 35.6874537
2977 139.7784805 35.6876919
2978 139.7633014 35.686088
2979 139.7782673 35.676516
2980 139.7792812 35.6784453
2981 139.7719597 35.6796682
2982 139.7634727 35.6816116
2983 139.7681643 35.6788138
2984 139.76572 35.678941
2985 139.7674162 35.6726123
2986 139.77499 35.6875733
2987 139.7731616 35.6837008
2988 139.7785561 35.6740756
2989 139.7634269 35.6852897
2990 139.7769279 35.674335
2991 139.7752558 35.6778657
2992 139.7758161 35.6817248
2993 139.7763313 35.6745767
2994 139.7778299 35.6766246
2995 139.768482 35.6808834
2996 139.779013 35.6782425
2997 139.7723401 35.6757871
2998 139.7726956 35.6830804
2999 139.764965 35.6830473
3000 139.7702013 35.6740938
3001 139.7759721 35.6770553
3002 139.774731 35.6751873
3003 139.7687724 35.6749199
3004 139.780804 35.6833196
3005 139.7812944 35.6839828
3006 139.7801805 35.6798673
3007 139.7731497 35.6828394
3008 139.767287 35.6751581
3009 139.7652006 35.6805629
3010 139.779507 35.6788159
3011 139.7750355 35.6861634
3012 139.777092 35.6787862
3013 139.7742489 35.6753771
3014 139.7753414 35.6812573
3015 139.7690673 35.6776374
3016 139.7781547 35.6805706
3017 139.7729091 35.6833624
3018 139.7629795 35.6794152
3019 139.779523 35.6822494
3020 139.7742499 35.6741915
3021 139.7673321 35.6752706
3022 139.780901 35.6828042
3023 139.7768718 35.6815521
3024 139.77231 35.6809925
3025 139.7648672 35.6816171
3026 139.7666012 35.6747252
3027 139.7658248 35.6826498
3028 139.7791385 35.6769686
3029 139.7771472 35.6790128
3030 139.7630991 35.6844716
3031 139.7766882 35.682803
3032 139.766187 35.6826205
3033 139.7679173 35.6738002
3034 139.7749919 35.6734239
3035 139.7776055 35.6757315
3036 139.7753321 35.6847181
3037 139.7810304 35.6753204
3038 139.7758035 35.68638
3039 139.7719953 35.6751678
3040 139.776194 35.6826206
3041 139.7830166 35.6755237
3042 139.7771487 35.6746412
3043 139.7738691 35.6823332
3044 139.7779249 35.6767853
3045 139.7729099 35.6769378
3046 139.7624927 35.6855825
3047 139.7666599 35.6886882
3048 139.7618457 35.687317
3049 139.7769273 35.6745726
3050 139.7789926 35.6805517
3051 139.7769068 35.6871967
3052 139.7630417 35.6779284
3053 139.7641388 35.6798168
3054 139.7703169 35.6825022
3055 139.7671004 35.6774457
3056 139.7781255 35.6808223
3057 139.7659358 35.6756339
3058 139.7728846 35.6833722
3059 139.7672818 35.6838634
3060 139.763901 35.6869855
3061 139.7804127 35.6800395
3062 139.7754513 35.6816898
3063 139.7716165 35.6737177
3064 139.7773235 35.6769089
3065 139.7687318 35.6834298
3066 139.7771808 35.6768861
3067 139.767494 35.6780972
3068 139.7690154 35.6754761
3069 139.7678101 35.6737823
3070 139.7737955 35.6863443
3071 139.7705713 35.6783064
3072 139.7708689 35.6777522
3073 139.7767104 35.6827937
3074 139.7777799 35.6795563
3075 139.7775648 35.6760676
3076 139.7759644 35.6815351
3077 139.7643939 35.6803055
3078 139.771899 35.6833849
3079 139.7632943 35.6780807
3080 139.7697657 35.6751618
3081 139.7793662 35.6801267
3082 139.768209 35.6735314
3083 139.7755763 35.6811667
3084 139.7696157 35.6803594
3085 139.7779843 35.6738476
3086 139.7729161 35.6796451
3087 139.767163 35.6835809
3088 139.7657359 35.6865706
3089 139.7714753 35.6735948
3090 139.7765168 35.6791234
3091 139.7701749 35.6766742
3092 139.7766672 35.6857724
3093 139.7671519 35.6772829
3094 139.7760853 35.6836293
3095 139.7738336 35.6747157
3096 139.7687765 35.6862236
3097 139.7695139 35.6838969
3098 139.7703114 35.6796566
3099 139.7746977 35.6846216
3100 139.7692253 35.6860942
3101 139.7706103 35.673891
3102 139.7710121 35.679368
3103 139.7703101 35.6732434
3104 139.7785608 35.6741531
3105 139.7697642 35.6741755
3106 139.7765262 35.6832719
3107 139.7728702 35.6849863
3108 139.7656792 35.6738407
3109 139.7742031 35.6734672
3110 139.7653945 35.6819638
3111 139.7786411 35.6777702
3112 139.7650646 35.6740673
3113 139.7785711 35.6800429
3114 139.7651037 35.6752929
3115 139.7768936 35.678471
3116 139.774822 35.6815672
3117 139.7644059 35.6804784
3118 139.7788483 35.6868152
3119 139.7731425 35.6832422
3120 139.7736285 35.6796384
3121 139.7645183 35.6848751
3122 139.7685273 35.684308
3123 139.7631352 35.6767814
3124 139.7776393 35.6796212
3125 139.7794433 35.6821156
3126 139.7813419 35.6815017
3127 139.7750625 35.682138
3128 139.7708354 35.6737231
3129 139.777719 35.6820605
3130 139.7669572 35.6752745
3131 139.778025 35.6835616
3132 139.7663202 35.6866353
3133 139.7700283 35.680477
3134 139.7724372 35.6807345
3135 139.781992 35.6732777
3136 139.7696362 35.6763215
3137 139.7634467 35.6780469
3138 139.7661882 35.6865425
3139 139.7809569 35.6748379
3140 139.7777544 35.6799398
3141 139.7787872 35.6774726
3142 139.7693416 35.6753107
3143 139.7710126 35.6756208
3144 139.7786043 35.6740727
3145 139.7739466 35.6791841
3146 139.7752932 35.6835581
3147 139.7728491 35.6767664
3148 139.7785528 35.6833388
3149 139.7800295 35.6759262
3150 139.77639 35.6768781
3151 139.7714824 35.6751038
3152 139.7800831 35.6796852
3153 139.76541 35.6790038
3154 139.766791 35.6886699
3155 139.7736924 35.6826018
3156 139.7709876 35.6837945
3157 139.7701137 35.6793424
3158 139.7707062 35.6749694
3159 139.7753995 35.686729
3160 139.7697238 35.6816124
3161 139.776816 35.6847332
3162 139.7634802 35.6869605
3163 139.7786114 35.6744822
3164 139.7683648 35.6801577
3165 139.7762691 35.6752388
3166 139.7730285 35.6768694
3167 139.7701172 35.6767003
3168 139.77938 35.6821859
3169 139.7715632 35.685097
3170 139.7765542 35.6780858
3171 139.7793525 35.6811694
3172 139.7648141 35.6802112
3173 139.7628769 35.6785839
3174 139.7764156 35.6825251
3175 139.770925 35.6781628
3176 139.776639 35.6825206
3177 139.7640104 35.6794206
3178 139.7730837 35.6760083
3179 139.7646274 35.6820716
3180 139.7728528 35.6850982
3181 139.7791194 35.6779819
3182 139.7755707 35.6784853
3183 139.7765856 35.6857466
3184 139.7753867 35.6781942
3185 139.7774499 35.6752999
3186 139.773087 35.6776238
3187 139.77543 35.6825118
3188 139.7651623 35.6804232
3189 139.7638336 35.6832925
3190 139.7832991 35.6843758
3191 139.7706741 35.673768
3192 139.7763112 35.677825
3193 139.780743 35.6836048
3194 139.7764572 35.6825917
3195 139.764895 35.6822213
3196 139.7808205 35.6765125
3197 139.7791079 35.6785324
3198 139.7722612 35.6713748
3199 139.7726316 35.6793812
3200 139.762292 35.6818285
3201 139.7666876 35.6782045
3202 139.7686764 35.6748717
3203 139.7737384 35.682368
3204 139.7812744 35.6741862
3205 139.7705833 35.6823841
3206 139.7784829 35.6769869
3207 139.7710533 35.6873508
3208 139.7640023 35.6875429
3209 139.7628897 35.6785571
3210 139.7686453 35.680067
3211 139.765693 35.6750698
3212 139.7768148 35.678615
3213 139.7750611 35.670227
3214 139.7775223 35.6753726
3215 139.7773945 35.6836639
3216 139.7632614 35.6743927
3217 139.7680262 35.6736218
3218 139.7731809 35.6846102
3219 139.7676429 35.6738234
3220 139.773216 35.6788453
3221 139.7704259 35.6800128
3222 139.7772122 35.6863506
3223 139.7769004 35.6749849
3224 139.7774748 35.6830101
3225 139.7798952 35.6798566
3226 139.7662507 35.6749077
3227 139.7719245 35.6794693
3228 139.780006 35.6786143
3229 139.7783401 35.6805522
3230 139.7757398 35.6768067
3231 139.7726352 35.6857888
3232 139.7665506 35.6766511
3233 139.7692743 35.6837312
3234 139.7773608 35.6768127
3235 139.7722324 35.6803912
3236 139.7748664 35.6865025
3237 139.7629595 35.6768956
3238 139.7742098 35.6853755
3239 139.7766334 35.6849173
3240 139.7813346 35.6742228
3241 139.7791644 35.6808499
3242 139.7821352 35.6820151
3243 139.7766577 35.6848352
3244 139.7726087 35.6829125
3245 139.7732315 35.683668
3246 139.7672485 35.6752359
3247 139.768421 35.6843324
3248 139.7796093 35.6779681
3249 139.7705248 35.6746859
3250 139.7691944 35.6860107
3251 139.7744032 35.6846227
3252 139.7712935 35.6736653
3253 139.7695702 35.6762193
3254 139.7720454 35.6830491
3255 139.7770206 35.6809337
3256 139.774553 35.6836189
3257 139.7764858 35.6869567
3258 139.7722577 35.6831217
3259 139.7763226 35.686097
3260 139.7728729 35.6839446
3261 139.7713399 35.6788342
3262 139.7801437 35.6869416
3263 139.7801361 35.6869589
3264 139.7749615 35.6730494
3265 139.7770878 35.6834912
3266 139.7755195 35.684747
3267 139.7649686 35.6867386
3268 139.7711431 35.6744743
3269 139.7672134 35.6844076
3270 139.7712207 35.6837142
3271 139.7735439 35.6829532
3272 139.773792 35.6823646
3273 139.7799951 35.6798124
3274 139.7737043 35.687074
3275 139.7752828 35.6741682
3276 139.7761134 35.6764474
3277 139.7736938 35.6719524
3278 139.7816528 35.6869025
